Reading /data-2/topc-datasets/.soc-LiveJournal1.mtx.ud.0.bin
CPU BFS finished in 686.316040 msec. Search depth is: 12
0, 0, 4847571, 1.76221
1, 94, 4847477, 1.42144
2, 20685, 4826792, 3.13206
3, 650943, 4175849, 23.7471
4, 2469146, 1706703, 23.2936
5, 1426597, 280106, 7.44618
6, 242050, 38056, 2.06477
7, 29908, 8148, 0.73152
8, 3821, 4327, 0.658336
9, 565, 3762, 0.615744
10, 133, 3629, 0.299168
11, 10, 3619, 0.294624

CORRECT
0, 0, 4847571, 0.353152
1, 11, 4847560, 0.3032
2, 83, 4847477, 0.632928
3, 963, 4846514, 0.736384
4, 77394, 4769120, 5.09114
5, 1350434, 3418686, 33.2591
6, 2557284, 861402, 17.2503
7, 752577, 108825, 3.2463
8, 92444, 16381, 0.952992
9, 10964, 5417, 0.686624
10, 1513, 3904, 0.6392
11, 252, 3652, 0.300704
12, 31, 3621, 0.296512
13, 2, 3619, 0.294336
0, 0, 4847571, 0.349664
1, 4, 4847567, 0.308096
2, 326, 4847241, 0.70336
3, 26688, 4820553, 2.98294
4, 670878, 4149675, 20.7203
5, 2450040, 1699635, 25.651
6, 1424739, 274896, 6.55558
7, 238732, 36164, 1.44835
8, 28320, 7844, 0.723456
9, 3547, 4297, 0.653408
10, 597, 3700, 0.601536
11, 70, 3630, 0.31536
12, 11, 3619, 0.29872
0, 0, 4847571, 0.350688
1, 1, 4847570, 0.276608
2, 35, 4847535, 0.583456
3, 1768, 4845767, 0.728448
4, 41238, 4804529, 2.97395
5, 804976, 3999553, 22.7482
6, 2655693, 1343860, 24.4701
7, 1159957, 183903, 5.21069
8, 158074, 25829, 1.28461
9, 19070, 6759, 0.685536
10, 2687, 4072, 0.62528
11, 380, 3692, 0.5664
12, 69, 3623, 0.283712
13, 4, 3619, 0.272544
0, 0, 4847571, 0.356672
1, 3, 4847568, 0.284736
2, 23, 4847545, 0.302432
3, 440, 4847105, 0.649824
4, 26907, 4820198, 2.58909
5, 771222, 4048976, 22.4112
6, 2578807, 1470169, 25.3434
7, 1257311, 212858, 5.43459
8, 183500, 29358, 1.29443
9, 22372, 6986, 0.71008
10, 2842, 4144, 0.650272
11, 441, 3703, 0.5976
12, 77, 3626, 0.29104
13, 7, 3619, 0.2968
0, 0, 4847571, 0.3472
1, 4, 4847567, 0.287712
2, 119, 4847448, 0.63264
3, 4913, 4842535, 1.0921
4, 220833, 4621702, 10.0663
5, 2127432, 2494270, 36.9449
6, 2052738, 441532, 10.0936
7, 384937, 56595, 1.9775
8, 46010, 10585, 0.773248
9, 6019, 4566, 0.663104
10, 771, 3795, 0.619776
11, 167, 3628, 0.298272
12, 8, 3620, 0.292416
13, 1, 3619, 0.280768
0, 0, 4847571, 0.346816
1, 3, 4847568, 0.294272
2, 12, 4847556, 0.298272
3, 125, 4847431, 0.616032
4, 2704, 4844727, 0.80976
5, 104759, 4739968, 5.23722
6, 1554408, 3185560, 32.0671
7, 2491347, 694213, 15.5934
8, 609332, 84881, 2.83645
9, 70889, 13992, 0.904864
10, 8897, 5095, 0.644288
11, 1237, 3858, 0.615264
12, 213, 3645, 0.301984
13, 23, 3622, 0.285088
14, 3, 3619, 0.281888
0, 0, 4847571, 0.336
1, 11, 4847560, 0.279872
2, 95, 4847465, 0.606592
3, 4092, 4843373, 0.995968
4, 183595, 4659778, 7.48125
5, 1823768, 2836010, 32.576
6, 2279513, 556497, 13.9711
7, 490907, 65590, 2.47546
8, 53849, 11741, 0.841696
9, 6944, 4797, 0.671104
10, 982, 3815, 0.600672
11, 174, 3641, 0.288672
12, 20, 3621, 0.274432
13, 2, 3619, 0.28208
0, 0, 4847571, 0.333184
1, 1, 4847570, 0.301344
2, 7, 4847563, 0.641024
3, 1956, 4845607, 1.38134
4, 177975, 4667632, 10.4284
5, 1095405, 3572227, 21.7257
6, 2348563, 1223664, 21.4019
7, 1042749, 180915, 4.73011
8, 155366, 25549, 1.20211
9, 19044, 6505, 0.70192
10, 2466, 4039, 0.647104
11, 363, 3676, 0.314368
12, 53, 3623, 0.304
13, 4, 3619, 0.284544
0, 0, 4847571, 0.334048
1, 36, 4847535, 0.619616
2, 739, 4846796, 0.683488
3, 42729, 4804067, 2.83222
4, 989348, 3814719, 25.6696
5, 2674541, 1140178, 23.0166
6, 995511, 144667, 4.13949
7, 123678, 20989, 1.09037
8, 14931, 6058, 0.68144
9, 2075, 3983, 0.629312
10, 324, 3659, 0.296
11, 36, 3623, 0.285408
12, 3, 3620, 0.284128
13, 1, 3619, 0.276672
0, 0, 4847571, 0.333984
1, 1, 4847570, 0.277632
2, 50, 4847520, 0.598816
3, 1893, 4845627, 0.84944
4, 117223, 4728404, 5.38637
5, 1554288, 3174116, 31.3083
6, 2484696, 689420, 16.1912
7, 609465, 79955, 2.43683
8, 66787, 13168, 0.854784
9, 8182, 4986, 0.644256
10, 1143, 3843, 0.58544
11, 202, 3641, 0.285952
12, 19, 3622, 0.273504
13, 3, 3619, 0.292704
0, 0, 4847571, 0.339648
1, 3, 4847568, 0.30272
2, 57, 4847511, 0.611296
3, 789, 4846722, 0.663424
4, 25293, 4821429, 2.2319
5, 695747, 4125682, 19.962
6, 2592323, 1533359, 27.9195
7, 1314555, 218804, 5.92195
8, 188359, 30445, 1.38496
9, 23237, 7208, 0.716608
10, 2983, 4225, 0.657152
11, 493, 3732, 0.60688
12, 105, 3627, 0.302848
13, 7, 3620, 0.274912
14, 1, 3619, 0.296032
0, 0, 4847571, 0.337952
1, 9, 4847562, 0.640128
2, 2901, 4844661, 1.75142
3, 187380, 4657281, 10.6728
4, 788000, 3869281, 17.0058
5, 2218702, 1650579, 21.895
6, 1374020, 276559, 6.09158
7, 239781, 36778, 1.47866
8, 28835, 7943, 0.72576
9, 3644, 4299, 0.668096
10, 579, 3720, 0.607424
11, 88, 3632, 0.306464
12, 10, 3622, 0.282784
13, 3, 3619, 0.28384
0, 0, 4847571, 0.3304
1, 53, 4847518, 0.654688
2, 9121, 4838397, 2.62605
3, 292491, 4545906, 10.7558
4, 1114434, 3431472, 21.6145
5, 2300587, 1130885, 17.6078
6, 969355, 161530, 3.92982
7, 138561, 22969, 1.05072
8, 16805, 6164, 0.662464
9, 2145, 4019, 0.617984
10, 337, 3682, 0.29088
11, 60, 3622, 0.275104
12, 3, 3619, 0.282976
0, 0, 4847571, 0.351104
1, 8, 4847563, 0.330176
2, 696, 4846867, 0.684032
3, 44000, 4802867, 3.35338
4, 992178, 3810689, 26.6398
5, 2608202, 1202487, 21.1038
6, 1035199, 167288, 4.34826
7, 142921, 24367, 1.17341
8, 17944, 6423, 0.704512
9, 2360, 4063, 0.644
10, 387, 3676, 0.601504
11, 51, 3625, 0.288896
12, 5, 3620, 0.287328
13, 1, 3619, 0.290752
0, 0, 4847571, 0.349152
1, 3, 4847568, 0.296064
2, 18, 4847550, 0.306208
3, 485, 4847065, 0.669792
4, 31976, 4815089, 2.80582
5, 884424, 3930665, 24.5395
6, 2689680, 1240985, 24.1947
7, 1079103, 161882, 4.30858
8, 138601, 23281, 1.1415
9, 16978, 6303, 0.70256
10, 2246, 4057, 0.643488
11, 370, 3687, 0.611584
12, 64, 3623, 0.28384
13, 3, 3620, 0.291104
14, 1, 3619, 0.281504
0, 0, 4847571, 0.333536
1, 8, 4847563, 0.283488
2, 106, 4847457, 0.620544
3, 6290, 4841167, 1.14685
4, 274923, 4566244, 11.2061
5, 2178809, 2387435, 32.8759
6, 1978238, 409197, 10.8173
7, 357531, 51666, 1.78666
8, 41706, 9960, 0.752192
9, 5335, 4625, 0.626464
10, 849, 3776, 0.589056
11, 143, 3633, 0.286464
12, 12, 3621, 0.278944
13, 2, 3619, 0.271328
0, 0, 4847571, 0.339168
1, 11, 4847560, 0.305248
2, 53, 4847507, 0.300096
3, 100, 4847407, 0.630656
4, 4885, 4842522, 1.1552
5, 263325, 4579197, 13.9821
6, 2152232, 2426965, 34.1612
7, 1972054, 454911, 10.3084
8, 397686, 57225, 1.8705
9, 46779, 10446, 0.756672
10, 5809, 4637, 0.640192
11, 853, 3784, 0.582656
12, 154, 3630, 0.28832
13, 9, 3621, 0.273088
14, 2, 3619, 0.270656
0, 0, 4847571, 0.338624
1, 21, 4847550, 0.308928
2, 870, 4846680, 0.735008
3, 84816, 4761864, 5.79094
4, 1492071, 3269793, 31.7492
5, 2464691, 805102, 17.2474
6, 699873, 105229, 3.20566
7, 88752, 16477, 0.94416
8, 11090, 5387, 0.691456
9, 1476, 3911, 0.611104
10, 260, 3651, 0.586016
11, 30, 3621, 0.290336
12, 2, 3619, 0.282816
0, 0, 4847571, 0.334048
1, 22, 4847549, 0.62272
2, 1369, 4846180, 1.07837
3, 151098, 4695082, 8.9599
4, 683578, 4011504, 15.9706
5, 2185572, 1825932, 23.4838
6, 1511211, 314721, 8.41203
7, 273145, 41576, 1.60224
8, 33005, 8571, 0.726656
9, 4195, 4376, 0.65776
10, 630, 3746, 0.605824
11, 117, 3629, 0.294432
12, 9, 3620, 0.287008
13, 1, 3619, 0.276704
0, 0, 4847571, 0.341216
1, 3, 4847568, 0.300896
2, 20, 4847548, 0.623392
3, 1050, 4846498, 1.05251
4, 120296, 4726202, 8.15827
5, 550477, 4175725, 13.2885
6, 1943165, 2232560, 24.9988
7, 1790349, 442211, 8.8217
8, 385572, 56639, 1.8463
9, 46156, 10483, 0.74608
10, 5810, 4673, 0.664288
11, 860, 3813, 0.625152
12, 183, 3630, 0.299712
13, 9, 3621, 0.29216
14, 2, 3619, 0.283616
0, 0, 4847571, 0.327264
1, 2, 4847569, 0.27584
2, 50, 4847519, 0.601056
3, 1162, 4846357, 0.774688
4, 117885, 4728472, 7.83965
5, 1663009, 3065463, 31.6513
6, 2348701, 716762, 14.1928
7, 623350, 93412, 2.90061
8, 78499, 14913, 0.918464
9, 9680, 5233, 0.655168
10, 1353, 3880, 0.607776
11, 230, 3650, 0.281376
12, 28, 3622, 0.274304
13, 3, 3619, 0.276512
0, 0, 4847571, 0.344352
1, 3, 4847568, 0.298528
2, 101, 4847467, 0.622272
3, 1742, 4845725, 0.7528
4, 86233, 4759492, 5.77568
5, 1434734, 3324758, 30.5522
6, 2520127, 804631, 16.5735
7, 703165, 101466, 3.53766
8, 85301, 16165, 0.967936
9, 10707, 5458, 0.680224
10, 1524, 3934, 0.61344
11, 275, 3659, 0.322656
12, 36, 3623, 0.287744
13, 4, 3619, 0.291168
0, 0, 4847571, 0.344736
1, 1, 4847570, 0.301408
2, 37, 4847533, 0.643712
3, 4759, 4842774, 1.42448
4, 194433, 4648341, 8.68227
5, 1725404, 2922937, 30.7648
6, 2268814, 654123, 13.4006
7, 573048, 81075, 2.51216
8, 67932, 13143, 0.808
9, 8135, 5008, 0.647104
10, 1158, 3850, 0.58592
11, 208, 3642, 0.283776
12, 20, 3622, 0.289472
13, 3, 3619, 0.284704
0, 0, 4847571, 0.326784
1, 1, 4847570, 0.273632
2, 92, 4847478, 0.61904
3, 2857, 4844621, 0.86
4, 126185, 4718436, 5.66698
5, 1560335, 3158101, 30.3184
6, 2461240, 696861, 16.4246
7, 614132, 82729, 2.6512
8, 68932, 13797, 0.934144
9, 8717, 5080, 0.674112
10, 1214, 3866, 0.618496
11, 224, 3642, 0.300416
12, 21, 3621, 0.296032
13, 2, 3619, 0.290208
0, 0, 4847571, 0.354624
1, 1, 4847570, 0.29776
2, 121, 4847449, 0.643296
3, 6491, 4840958, 1.36995
4, 354503, 4486455, 14.0777
5, 2374092, 2112363, 31.4663
6, 1767029, 345334, 9.16378
7, 301080, 44254, 1.65261
8, 35458, 8796, 0.729504
9, 4397, 4399, 0.662336
10, 644, 3755, 0.59088
11, 126, 3629, 0.306464
12, 9, 3620, 0.286496
13, 1, 3619, 0.288256
0, 0, 4847571, 0.340352
1, 2, 4847569, 0.292576
2, 112, 4847457, 0.666464
3, 29050, 4818407, 2.92346
4, 886674, 3931733, 28.5467
5, 2592195, 1339538, 22.2307
6, 1142012, 197526, 5.21843
7, 169888, 27638, 1.26822
8, 20651, 6987, 0.712576
9, 2827, 4160, 0.66576
10, 453, 3707, 0.60656
11, 84, 3623, 0.308768
12, 3, 3620, 0.2808
13, 1, 3619, 0.295936
0, 0, 4847571, 0.326816
1, 1, 4847570, 0.277984
2, 14, 4847556, 0.277312
3, 232, 4847324, 0.611616
4, 5663, 4841661, 1.1249
5, 238792, 4602869, 10.3694
6, 2111507, 2491362, 33.6163
7, 2051182, 440180, 9.9375
8, 384134, 56046, 2.22995
9, 45560, 10486, 0.757792
10, 5827, 4659, 0.619552
11, 841, 3818, 0.599648
12, 174, 3644, 0.28096
13, 23, 3621, 0.28
14, 2, 3619, 0.2736
0, 0, 4847571, 0.338592
1, 1, 4847570, 0.2952
2, 13, 4847557, 0.2976
3, 438, 4847119, 0.64896
4, 8991, 4838128, 1.51651
5, 363366, 4474762, 15.7319
6, 2253490, 2221272, 28.6425
7, 1816899, 404373, 9.18227
8, 352214, 52159, 1.81488
9, 42264, 9895, 0.7664
10, 5349, 4546, 0.665056
11, 764, 3782, 0.620224
12, 154, 3628, 0.291008
13, 7, 3621, 0.279392
14, 2, 3619, 0.286304
0, 0, 4847571, 0.338592
1, 1, 4847570, 0.289344
2, 49, 4847521, 0.614784
3, 1736, 4845785, 0.766752
4, 91244, 4754541, 4.95795
5, 1481064, 3273477, 31.8369
6, 2524385, 749092, 15.9887
7, 656389, 92703, 2.77757
8, 77587, 15116, 0.944096
9, 9822, 5294, 0.682912
10, 1383, 3911, 0.621728
11, 235, 3676, 0.309056
12, 54, 3622, 0.288224
13, 3, 3619, 0.297504
0, 0, 4847571, 0.333056
1, 149, 4847422, 0.607648
2, 3286, 4844136, 0.85712
3, 72636, 4771500, 4.07299
4, 1172488, 3599012, 27.645
5, 2634766, 964246, 20.3861
6, 845344, 118902, 3.37754
7, 100808, 18094, 1.0009
8, 12414, 5680, 0.694112
9, 1722, 3958, 0.608384
10, 308, 3650, 0.291424
11, 29, 3621, 0.271552
12, 2, 3619, 0.278208
0, 0, 4847571, 0.34864
1, 4, 4847567, 0.30464
2, 177, 4847390, 0.653728
3, 12494, 4834896, 1.62954
4, 437402, 4397494, 14.8433
5, 2447640, 1949854, 31.7971
6, 1661584, 288270, 7.62288
7, 251418, 36852, 1.48173
8, 28813, 8039, 0.718464
9, 3743, 4296, 0.665792
10, 578, 3718, 0.600864
11, 94, 3624, 0.297376
12, 4, 3620, 0.282912
13, 1, 3619, 0.28112
0, 0, 4847571, 0.33216
1, 2, 4847569, 0.297376
2, 107, 4847462, 0.648736
3, 6655, 4840807, 1.35584
4, 250796, 4590011, 12.1183
5, 2125213, 2464798, 32.6986
6, 2011954, 452844, 9.86477
7, 395090, 57754, 1.98848
8, 46961, 10793, 0.790784
9, 6066, 4727, 0.663296
10, 916, 3811, 0.608096
11, 175, 3636, 0.298208
12, 15, 3621, 0.295776
13, 2, 3619, 0.289856
0, 0, 4847571, 0.328608
1, 8, 4847563, 0.620832
2, 20896, 4826667, 1.65584
3, 228525, 4598142, 10.5612
4, 904675, 3693467, 20.5453
5, 2347291, 1346176, 20.2568
6, 1148066, 198110, 5.71802
7, 170357, 27753, 1.17014
8, 20860, 6893, 0.651712
9, 2763, 4130, 0.634112
10, 423, 3707, 0.570528
11, 83, 3624, 0.279968
12, 4, 3620, 0.266912
13, 1, 3619, 0.279776
0, 0, 4847571, 0.347968
1, 1, 4847570, 0.287392
2, 72, 4847498, 0.634016
3, 2032, 4845466, 0.775008
4, 105221, 4740245, 6.15258
5, 1649915, 3090330, 32.8182
6, 2407030, 683300, 14.3573
7, 597094, 86206, 4.60736
8, 72135, 14071, 0.906432
9, 8901, 5170, 0.680064
10, 1296, 3874, 0.613728
11, 227, 3647, 0.288672
12, 25, 3622, 0.272608
13, 3, 3619, 0.270528
0, 0, 4847571, 0.338272
1, 1, 4847570, 0.30896
2, 19, 4847551, 0.294656
3, 300, 4847251, 0.672704
4, 41057, 4806194, 2.86336
5, 901673, 3904521, 24.4302
6, 2672908, 1231613, 25.1516
7, 1075090, 156523, 4.12899
8, 134736, 21787, 1.04589
9, 15732, 6055, 0.691776
10, 2049, 4006, 0.628288
11, 350, 3656, 0.315616
12, 36, 3620, 0.286016
13, 1, 3619, 0.294304
0, 0, 4847571, 0.3752
1, 1, 4847570, 0.310336
2, 5, 4847565, 0.298112
3, 67, 4847498, 0.627424
4, 2156, 4845342, 0.759488
5, 101783, 4743559, 5.25526
6, 1563444, 3180115, 31.4868
7, 2463644, 716471, 16.0808
8, 628929, 87542, 2.60038
9, 73093, 14449, 0.89648
10, 9221, 5228, 0.652128
11, 1314, 3914, 0.635584
12, 270, 3644, 0.299072
13, 24, 3620, 0.284544
14, 1, 3619, 0.281664
0, 0, 4847571, 0.332288
1, 1, 4847570, 0.279904
2, 46, 4847524, 0.592352
3, 1403, 4846121, 0.788992
4, 111995, 4734126, 7.5607
5, 1568222, 3165904, 32.9181
6, 2368482, 797422, 16.1923
7, 692677, 104745, 3.10086
8, 88560, 16185, 0.887392
9, 10765, 5420, 0.653024
10, 1529, 3891, 0.59232
11, 242, 3649, 0.297408
12, 27, 3622, 0.277248
13, 3, 3619, 0.279936
0, 0, 4847571, 0.354464
1, 3, 4847568, 0.304256
2, 334, 4847234, 0.64112
3, 22770, 4824464, 2.38474
4, 635758, 4188706, 18.5931
5, 2611032, 1577674, 28.8713
6, 1363314, 214360, 5.2537
7, 186250, 28110, 1.25325
8, 21221, 6889, 0.687072
9, 2786, 4103, 0.65424
10, 428, 3675, 0.602048
11, 53, 3622, 0.30544
12, 3, 3619, 0.28448
0, 0, 4847571, 0.337728
1, 3, 4847568, 0.31376
2, 29, 4847539, 0.609568
3, 1116, 4846423, 0.741952
4, 64630, 4781793, 4.64294
5, 1227052, 3554741, 29.1164
6, 2552248, 1002493, 17.8882
7, 866588, 135905, 3.59869
8, 115511, 20394, 1.0463
9, 14410, 5984, 0.696896
10, 2015, 3969, 0.628672
11, 308, 3661, 0.3016
12, 40, 3621, 0.297504
13, 2, 3619, 0.288448
0, 0, 4847571, 0.341152
1, 6, 4847565, 0.2768
2, 16, 4847549, 0.288096
3, 200, 4847349, 0.612864
4, 11699, 4835650, 1.83142
5, 564495, 4271155, 20.6399
6, 2540571, 1730584, 26.2175
7, 1462685, 267899, 6.75126
8, 232605, 35294, 1.42074
9, 27519, 7775, 0.716928
10, 3477, 4298, 0.629856
11, 564, 3734, 0.586368
12, 109, 3625, 0.294912
13, 4, 3621, 0.27616
14, 2, 3619, 0.277856
0, 0, 4847571, 0.591008
1, 2, 4847569, 0.438784
2, 1, 4847568, 0.434496
3, 19, 4847549, 0.806688
4, 6429, 4841120, 1.21152
5, 211475, 4629645, 10.3992
6, 1928719, 2700926, 33.5932
7, 2193228, 507698, 11.0919
8, 445738, 61960, 1.98397
9, 51017, 10943, 0.83696
10, 6214, 4729, 0.726432
11, 945, 3784, 0.6648
12, 147, 3637, 0.3752
13, 16, 3621, 0.36288
14, 2, 3619, 0.364832
0, 0, 4847571, 0.480768
1, 49, 4847522, 0.728192
2, 1506, 4846016, 0.882336
3, 108105, 4737911, 6.30739
4, 1535444, 3202467, 30.861
5, 2399446, 803021, 15.6747
6, 698060, 104961, 2.8225
7, 88623, 16338, 0.955968
8, 10903, 5435, 0.699968
9, 1546, 3889, 0.665088
10, 251, 3638, 0.354208
11, 16, 3622, 0.338496
12, 3, 3619, 0.339648
0, 0, 4847571, 0.391712
1, 11, 4847560, 0.343904
2, 94, 4847466, 0.655264
3, 2457, 4845009, 0.912128
4, 146817, 4698192, 10.3866
5, 1715359, 2982833, 30.3566
6, 2272241, 710592, 14.2545
7, 617313, 93279, 2.78397
8, 78045, 15234, 0.919104
9, 10013, 5221, 0.663104
10, 1333, 3888, 0.615648
11, 242, 3646, 0.310304
12, 24, 3622, 0.298496
13, 3, 3619, 0.303136
0, 0, 4847571, 0.358816
1, 1, 4847570, 0.302464
2, 17, 4847553, 0.316192
3, 347, 4847206, 0.66608
4, 13923, 4833283, 1.62982
5, 487926, 4345357, 16.2639
6, 2508583, 1836774, 30.4478
7, 1562528, 274246, 6.99421
8, 237581, 36665, 1.83344
9, 28394, 8271, 0.735104
10, 3891, 4380, 0.649248
11, 644, 3736, 0.62528
12, 109, 3627, 0.31536
13, 7, 3620, 0.300128
14, 1, 3619, 0.28928
0, 0, 4847571, 0.363488
1, 10, 4847561, 0.308448
2, 177, 4847384, 0.67856
3, 21976, 4825408, 2.22566
4, 599905, 4225503, 19.4149
5, 2588550, 1636953, 31.3686
6, 1407535, 229418, 5.68365
7, 198796, 30622, 1.29984
8, 23404, 7218, 0.694336
9, 3022, 4196, 0.664608
10, 526, 3670, 0.611008
11, 48, 3622, 0.314496
12, 3, 3619, 0.301536
0, 0, 4847571, 0.36416
1, 15, 4847556, 0.305472
2, 284, 4847272, 0.656256
3, 18345, 4828927, 2.4535
4, 614992, 4213935, 23.4317
5, 2572007, 1641928, 29.0008
6, 1398232, 243696, 5.47101
7, 210972, 32724, 1.31686
8, 25355, 7369, 0.706592
9, 3170, 4199, 0.654528
10, 509, 3690, 0.616416
11, 68, 3622, 0.307744
12, 3, 3619, 0.306368
0, 0, 4847571, 0.351584
1, 5, 4847566, 0.291296
2, 47, 4847519, 0.650816
3, 3105, 4844414, 1.05798
4, 210181, 4634233, 12.2514
5, 1886329, 2747904, 28.5725
6, 2118825, 629079, 12.7296
7, 547004, 82075, 2.38061
8, 68516, 13559, 0.852096
9, 8464, 5095, 0.648
10, 1185, 3910, 0.624672
11, 261, 3649, 0.316864
12, 27, 3622, 0.302976
13, 3, 3619, 0.302976
0, 0, 4847571, 0.353312
1, 4, 4847567, 0.288704
2, 87, 4847480, 0.615648
3, 3062, 4844418, 1.05126
4, 201080, 4643338, 10.0402
5, 1995928, 2647410, 33.3694
6, 2125507, 521903, 11.167
7, 455721, 66182, 2.04397
8, 54750, 11432, 0.78368
9, 6721, 4711, 0.679744
10, 905, 3806, 0.606816
11, 175, 3631, 0.30512
12, 10, 3621, 0.293664
13, 2, 3619, 0.295904
0, 0, 4847571, 0.354048
1, 21, 4847550, 0.648544
2, 4935, 4842615, 0.905184
3, 141299, 4701316, 6.41021
4, 1722360, 2978956, 33.2476
5, 2366951, 612005, 15.317
6, 536678, 75327, 2.46941
7, 62137, 13190, 0.898368
8, 8119, 5071, 0.669024
9, 1245, 3826, 0.605632
10, 194, 3632, 0.31568
11, 11, 3621, 0.288544
12, 2, 3619, 0.293664
0, 0, 4847571, 0.360704
1, 7, 4847564, 0.298208
2, 331, 4847233, 0.652704
3, 17701, 4829532, 1.78928
4, 545891, 4283641, 19.2589
5, 2589646, 1693995, 28.8848
6, 1449410, 244585, 6.75424
7, 211246, 33339, 1.45085
8, 25607, 7732, 0.722016
9, 3499, 4233, 0.656448
10, 528, 3705, 0.60784
11, 81, 3624, 0.30656
12, 5, 3619, 0.303648
0, 0, 4847571, 0.35312
1, 2, 4847569, 0.293792
2, 122, 4847447, 0.658944
3, 13562, 4833885, 2.05994
4, 520818, 4313067, 17.7874
5, 2433000, 1880067, 27.9446
6, 1568479, 311588, 7.69005
7, 270216, 41372, 1.87754
8, 32876, 8496, 0.729312
9, 4127, 4369, 0.644608
10, 624, 3745, 0.594784
11, 119, 3626, 0.296416
12, 6, 3620, 0.30352
13, 1, 3619, 0.31072
0, 0, 4847571, 0.344992
1, 13, 4847558, 0.290304
2, 868, 4846690, 0.672288
3, 30283, 4816407, 2.31597
4, 741204, 4075203, 21.1458
5, 2663696, 1411507, 27.1062
6, 1223072, 188435, 5.20669
7, 162049, 26386, 1.27507
8, 19679, 6707, 0.697376
9, 2598, 4109, 0.672704
10, 383, 3726, 0.321568
11, 102, 3624, 0.292864
12, 5, 3619, 0.2976
0, 0, 4847571, 0.370528
1, 14, 4847557, 0.311008
2, 383, 4847174, 0.65584
3, 14230, 4832944, 1.76922
4, 496968, 4335976, 17.2776
5, 2512576, 1823400, 29.3559
6, 1548008, 275392, 6.54237
7, 239435, 35957, 1.45216
8, 28162, 7795, 0.716768
9, 3517, 4278, 0.663616
10, 553, 3725, 0.59728
11, 100, 3625, 0.317248
12, 6, 3619, 0.314368
0, 0, 4847571, 0.333984
1, 8, 4847563, 0.289664
2, 99, 4847464, 0.633792
3, 5180, 4842284, 1.27696
4, 232304, 4609980, 12.0769
5, 2026845, 2583135, 30.23
6, 2059845, 523290, 11.1448
7, 456373, 66917, 2.03245
8, 55319, 11598, 0.772832
9, 6773, 4825, 0.640064
10, 989, 3836, 0.580448
11, 206, 3630, 0.283776
12, 9, 3621, 0.277152
13, 2, 3619, 0.267328
0, 0, 4847571, 0.34128
1, 1, 4847570, 0.29904
2, 13, 4847557, 0.30256
3, 18, 4847539, 0.297056
4, 620, 4846919, 0.696064
5, 67961, 4778958, 5.88944
6, 1164764, 3614194, 27.5618
7, 2603184, 1011010, 20.6773
8, 885720, 125290, 3.42426
9, 107116, 18174, 0.98512
10, 12596, 5578, 0.674912
11, 1644, 3934, 0.60112
12, 287, 3647, 0.31136
13, 25, 3622, 0.285696
14, 3, 3619, 0.288736
0, 0, 4847571, 0.341408
1, 2, 4847569, 0.296032
2, 46, 4847523, 0.623712
3, 1073, 4846450, 0.67408
4, 50140, 4796310, 3.50106
5, 1067680, 3728630, 27.306
6, 2687163, 1041467, 21.2774
7, 909722, 131745, 3.57072
8, 111651, 20094, 1.04064
9, 14095, 5999, 0.69712
10, 2016, 3983, 0.620352
11, 319, 3664, 0.299584
12, 43, 3621, 0.289472
13, 2, 3619, 0.28704
0, 0, 4847571, 0.347392
1, 1, 4847570, 0.282048
2, 50, 4847520, 0.64512
3, 16922, 4830598, 1.76038
4, 487407, 4343191, 15.7325
5, 2405154, 1938037, 30.8192
6, 1644016, 294021, 6.87933
7, 256837, 37184, 1.40819
8, 29289, 7895, 0.685312
9, 3616, 4279, 0.635424
10, 575, 3704, 0.582592
11, 77, 3627, 0.279648
12, 8, 3619, 0.273056
0, 0, 4847571, 0.347776
1, 66, 4847505, 0.60752
2, 538, 4846967, 0.631136
3, 12338, 4834629, 1.36189
4, 354264, 4480365, 12.5019
5, 2379252, 2101113, 33.358
6, 1778900, 322213, 8.14973
7, 281234, 40979, 1.61642
8, 32335, 8644, 0.7344
9, 4288, 4356, 0.662528
10, 560, 3796, 0.597376
11, 170, 3626, 0.292224
12, 7, 3619, 0.287456
0, 0, 4847571, 0.348032
1, 6, 4847565, 0.300928
2, 16, 4847549, 0.616064
3, 1392, 4846157, 0.84
4, 89608, 4756549, 5.076
5, 1373826, 3382723, 31.3002
6, 2556744, 825979, 16.6452
7, 723574, 102405, 2.97021
8, 86741, 15664, 0.9504
9, 10377, 5287, 0.694368
10, 1387, 3900, 0.61168
11, 258, 3642, 0.305728
12, 21, 3621, 0.286624
13, 2, 3619, 0.283904
0, 0, 4847571, 0.32432
1, 10, 4847561, 0.289056
2, 573, 4846988, 0.660992
3, 50461, 4796527, 4.4753
4, 1053830, 3742697, 26.6843
5, 2622498, 1120199, 20.7619
6, 973074, 147125, 4.50378
7, 125287, 21838, 1.11402
8, 15613, 6225, 0.669152
9, 2195, 4030, 0.616
10, 345, 3685, 0.584224
11, 60, 3625, 0.279648
12, 6, 3619, 0.27984
0, 0, 4847571, 0.34128
1, 34, 4847537, 0.633568
2, 4575, 4842962, 1.09526
3, 204981, 4637981, 9.86038
4, 1944349, 2693632, 31.8249
5, 2144486, 549146, 11.6693
6, 478007, 71139, 2.33312
7, 58902, 12237, 0.866304
8, 7340, 4897, 0.6848
9, 1107, 3790, 0.6008
10, 155, 3635, 0.311936
11, 14, 3621, 0.290048
12, 2, 3619, 0.294208
0, 0, 4847571, 0.334208
1, 100, 4847471, 0.646784
2, 15777, 4831694, 2.88438
3, 328896, 4502798, 11.9878
4, 1386947, 3115851, 25.6304
5, 2258401, 857450, 16.0134
6, 742732, 114718, 3.15382
7, 97328, 17390, 0.967488
8, 11814, 5576, 0.681536
9, 1635, 3941, 0.639488
10, 269, 3672, 0.304288
11, 49, 3623, 0.286176
12, 3, 3620, 0.285824
13, 1, 3619, 0.28992
0, 0, 4847571, 0.347808
1, 1, 4847570, 0.290496
2, 26, 4847544, 0.298912
3, 288, 4847256, 0.64432
4, 11945, 4835311, 1.57162
5, 434815, 4400496, 15.4465
6, 2489412, 1911084, 30.4063
7, 1621851, 289233, 7.91437
8, 250792, 38441, 1.5527
9, 30122, 8319, 0.69664
10, 3990, 4329, 0.627168
11, 601, 3728, 0.582304
12, 101, 3627, 0.312896
13, 8, 3619, 0.273632
0, 0, 4847571, 0.3264
1, 9, 4847562, 0.282304
2, 190, 4847372, 0.630272
3, 9697, 4837675, 1.80435
4, 428663, 4409012, 15.2913
5, 2436851, 1972161, 30.3258
6, 1657549, 314612, 7.49645
7, 273414, 41198, 1.56627
8, 32522, 8676, 0.750976
9, 4250, 4426, 0.669696
10, 680, 3746, 0.613632
11, 122, 3624, 0.29072
12, 4, 3620, 0.282368
13, 1, 3619, 0.289152
0, 0, 4847571, 0.344384
1, 3, 4847568, 0.302624
2, 86, 4847482, 0.63072
3, 3799, 4843683, 1.07434
4, 206684, 4636999, 9.56048
5, 2016623, 2620376, 33.4201
6, 2139511, 480865, 10.912
7, 421344, 59521, 2.19789
8, 48729, 10792, 0.771296
9, 6097, 4695, 0.653792
10, 885, 3810, 0.628832
11, 179, 3631, 0.319232
12, 10, 3621, 0.301504
13, 2, 3619, 0.276768
0, 0, 4847571, 0.500128
1, 34, 4847537, 0.730752
2, 2173, 4845364, 1.15712
3, 147772, 4697592, 10.69
4, 709359, 3988233, 16.4883
5, 2238816, 1749417, 25.2444
6, 1457450, 291967, 6.91706
7, 252938, 39029, 1.56096
8, 30906, 8123, 0.76304
9, 3775, 4348, 0.702848
10, 627, 3721, 0.667136
11, 92, 3629, 0.374688
12, 9, 3620, 0.357504
13, 1, 3619, 0.351904
0, 0, 4847571, 0.414336
1, 2, 4847569, 0.337888
2, 130, 4847439, 0.691008
3, 8218, 4839221, 1.6329
4, 356918, 4482303, 13.739
5, 2325069, 2157234, 32.2684
6, 1809007, 348227, 8.10186
7, 304304, 43923, 1.58518
8, 35202, 8721, 0.725664
9, 4279, 4442, 0.664192
10, 674, 3768, 0.628448
11, 138, 3630, 0.328032
12, 10, 3620, 0.31968
13, 1, 3619, 0.319968
0, 0, 4847571, 0.391488
1, 97, 4847474, 0.664288
2, 11614, 4835860, 2.16106
3, 372672, 4463188, 13.702
4, 2113110, 2350078, 29.0636
5, 1889400, 460678, 9.9129
6, 401890, 58788, 1.91117
7, 48239, 10549, 0.772576
8, 5889, 4660, 0.64656
9, 855, 3805, 0.61344
10, 173, 3632, 0.318464
11, 12, 3620, 0.302944
12, 1, 3619, 0.29216
0, 0, 4847571, 0.498368
1, 30, 4847541, 0.759808
2, 886, 4846655, 0.763808
3, 21235, 4825420, 1.98006
4, 652183, 4173237, 22.9571
5, 2658040, 1515197, 29.2422
6, 1305798, 209399, 6.11987
7, 179994, 29405, 1.37696
8, 22360, 7045, 0.731264
9, 2899, 4146, 0.699136
10, 441, 3705, 0.644096
11, 82, 3623, 0.35344
12, 4, 3619, 0.34544
0, 0, 4847571, 0.387584
1, 21, 4847550, 0.336256
2, 91, 4847459, 0.669728
3, 6851, 4840608, 1.41405
4, 364388, 4476220, 15.9846
5, 2331912, 2144308, 29.2577
6, 1767615, 376693, 9.49267
7, 327552, 49141, 1.73814
8, 39586, 9555, 0.757152
9, 5041, 4514, 0.655936
10, 716, 3798, 0.62272
11, 163, 3635, 0.314144
12, 15, 3620, 0.312832
13, 1, 3619, 0.308416
0, 0, 4847571, 0.368832
1, 7, 4847564, 0.312576
2, 282, 4847282, 0.67024
3, 21456, 4825826, 2.63328
4, 566495, 4259331, 19.0606
5, 2541673, 1717658, 29.7426
6, 1469694, 247964, 5.8216
7, 215608, 32356, 1.32074
8, 24839, 7517, 0.704672
9, 3277, 4240, 0.656032
10, 556, 3684, 0.599904
11, 59, 3625, 0.3128
12, 5, 3620, 0.31888
13, 1, 3619, 0.291424
0, 0, 4847571, 0.353472
1, 37, 4847534, 0.6248
2, 2509, 4845025, 0.90272
3, 147711, 4697314, 7.70314
4, 1796187, 2901127, 32.8689
5, 2280181, 620946, 13.2355
6, 540814, 80132, 2.81914
7, 66666, 13466, 0.897472
8, 8442, 5024, 0.67536
9, 1150, 3874, 0.612416
10, 224, 3650, 0.312096
11, 29, 3621, 0.309024
12, 2, 3619, 0.302624
0, 0, 4847571, 0.351424
1, 2, 4847569, 0.312608
2, 179, 4847390, 0.652384
3, 9252, 4838138, 1.66522
4, 413973, 4424165, 15.5137
5, 2314533, 2109632, 29.1506
6, 1736552, 373080, 8.636
7, 324706, 48374, 1.73379
8, 38746, 9628, 0.72688
9, 5133, 4495, 0.628512
10, 700, 3795, 0.597184
11, 161, 3634, 0.304736
12, 12, 3622, 0.297568
13, 3, 3619, 0.29616
0, 0, 4847571, 0.345056
1, 41, 4847530, 0.62384
2, 6329, 4841201, 1.25235
3, 244248, 4596953, 11.4198
4, 2093788, 2503165, 33.8667
5, 2062213, 440952, 9.84346
6, 385924, 55028, 1.84282
7, 44914, 10114, 0.781408
8, 5502, 4612, 0.68176
9, 837, 3775, 0.594912
10, 149, 3626, 0.302272
11, 5, 3621, 0.284832
12, 2, 3619, 0.286144
0, 0, 4847571, 0.359456
1, 4, 4847567, 0.296992
2, 158, 4847409, 0.653408
3, 7810, 4839599, 1.55667
4, 361838, 4477761, 13.7974
5, 2283760, 2194001, 31.4694
6, 1821028, 372973, 8.38803
7, 325905, 47068, 1.67824
8, 38014, 9054, 0.72928
9, 4575, 4479, 0.67664
10, 716, 3763, 0.601024
11, 132, 3631, 0.317152
12, 10, 3621, 0.30624
13, 2, 3619, 0.291712
0, 0, 4847571, 0.346944
1, 11, 4847560, 0.6352
2, 1310, 4846250, 1.13341
3, 136989, 4709261, 9.01568
4, 834844, 3874417, 17.8802
5, 2216084, 1658333, 21.6876
6, 1375304, 283029, 6.86544
7, 245126, 37903, 1.47846
8, 29929, 7974, 0.726592
9, 3710, 4264, 0.66096
10, 555, 3709, 0.619616
11, 85, 3624, 0.302496
12, 4, 3620, 0.300576
13, 1, 3619, 0.292384
0, 0, 4847571, 0.336384
1, 2, 4847569, 0.285504
2, 9, 4847560, 0.31232
3, 156, 4847404, 0.631904
4, 4107, 4843297, 1.07952
5, 206520, 4636777, 10.0946
6, 2043246, 2593531, 33.2613
7, 2106209, 487322, 10.5531
8, 425420, 61902, 2.04358
9, 50776, 11126, 0.768416
10, 6401, 4725, 0.66016
11, 888, 3837, 0.588032
12, 199, 3638, 0.293568
13, 16, 3622, 0.286336
14, 3, 3619, 0.282688
0, 0, 4847571, 0.356576
1, 1, 4847570, 0.290464
2, 9, 4847561, 0.297856
3, 78, 4847483, 0.659648
4, 22328, 4825155, 2.9296
5, 676781, 4148374, 24.6618
6, 2387288, 1761086, 22.561
7, 1458296, 302790, 7.33254
8, 262885, 39905, 1.64525
9, 31451, 8454, 0.728352
10, 4112, 4342, 0.665184
11, 590, 3752, 0.62976
12, 116, 3636, 0.306848
13, 15, 3621, 0.305216
14, 2, 3619, 0.29408
0, 0, 4847571, 0.34752
1, 1, 4847570, 0.301952
2, 53, 4847517, 0.63344
3, 3711, 4843806, 1.0503
4, 187550, 4656256, 9.31914
5, 1939594, 2716662, 32.2047
6, 2164791, 551871, 13.4302
7, 480711, 71160, 2.80646
8, 58655, 12505, 0.892384
9, 7580, 4925, 0.678208
10, 1094, 3831, 0.612992
11, 176, 3655, 0.309216
12, 34, 3621, 0.29888
13, 2, 3619, 0.313888
0, 0, 4847571, 0.350496
1, 1, 4847570, 0.291776
2, 13, 4847557, 0.304192
3, 601, 4846956, 0.680064
4, 29388, 4817568, 2.68813
5, 878903, 3938665, 27.0125
6, 2644006, 1294659, 22.4999
7, 1111583, 183076, 5.4497
8, 156604, 26472, 1.25446
9, 19749, 6723, 0.704864
10, 2625, 4098, 0.661664
11, 393, 3705, 0.627904
12, 81, 3624, 0.30992
13, 4, 3620, 0.301504
14, 1, 3619, 0.295936
0, 0, 4847571, 0.349504
1, 15, 4847556, 0.300192
2, 369, 4847187, 0.66576
3, 9781, 4837406, 1.35274
4, 343152, 4494254, 13.4817
5, 2342482, 2151772, 33.0399
6, 1809484, 342288, 8.46877
7, 298225, 44063, 1.67139
8, 35111, 8952, 0.742496
9, 4507, 4445, 0.657376
10, 674, 3771, 0.608608
11, 144, 3627, 0.304064
12, 8, 3619, 0.303072
0, 0, 4847571, 0.335008
1, 1, 4847570, 0.273952
2, 98, 4847472, 0.60496
3, 3561, 4843911, 0.989152
4, 177120, 4666791, 8.59981
5, 1758915, 2907876, 30.8863
6, 2254884, 652992, 14.9947
7, 571030, 81962, 2.80096
8, 68367, 13595, 0.90048
9, 8519, 5076, 0.636416
10, 1206, 3870, 0.588064
11, 219, 3651, 0.287584
12, 30, 3621, 0.277376
13, 2, 3619, 0.271104
0, 0, 4847571, 0.33216
1, 3, 4847568, 0.658464
2, 3113, 4844455, 1.63091
3, 169681, 4674774, 9.2296
4, 836059, 3838715, 19.2644
5, 2275520, 1563195, 23.0064
6, 1308552, 254643, 5.95133
7, 220171, 34472, 1.39779
8, 26841, 7631, 0.704832
9, 3390, 4241, 0.656544
10, 511, 3730, 0.610048
11, 104, 3626, 0.294144
12, 6, 3620, 0.290304
13, 1, 3619, 0.291328
0, 0, 4847571, 0.33472
1, 1, 4847570, 0.291392
2, 11, 4847559, 0.311904
3, 463, 4847096, 0.6768
4, 31975, 4815121, 3.04605
5, 716085, 4099036, 20.7574
6, 2490364, 1608672, 26.034
7, 1362655, 246017, 7.67789
8, 213086, 32931, 1.36454
9, 25341, 7590, 0.695872
10, 3314, 4276, 0.648
11, 563, 3713, 0.598112
12, 86, 3627, 0.284992
13, 7, 3620, 0.28304
14, 1, 3619, 0.284448
0, 0, 4847571, 0.332448
1, 2, 4847569, 0.293632
2, 14, 4847555, 0.286272
3, 464, 4847091, 0.656512
4, 27629, 4819462, 2.79824
5, 851616, 3967846, 24.7879
6, 2708822, 1259024, 24.5844
7, 1091738, 167286, 5.43085
8, 143612, 23674, 1.17034
9, 17385, 6289, 0.687072
10, 2238, 4051, 0.637088
11, 390, 3661, 0.616096
12, 40, 3621, 0.28592
13, 2, 3619, 0.286496
0, 0, 4847571, 0.32176
1, 49, 4847522, 0.612288
2, 3179, 4844343, 0.895264
3, 137686, 4706657, 6.40365
4, 1622295, 3084362, 31.3092
5, 2420105, 664257, 17.5587
6, 583829, 80428, 2.57965
7, 66685, 13743, 0.897312
8, 8680, 5063, 0.641248
9, 1180, 3883, 0.581408
10, 238, 3645, 0.287904
11, 25, 3620, 0.281568
12, 1, 3619, 0.290592
0, 0, 4847571, 0.332224
1, 42, 4847529, 0.615616
2, 7093, 4840436, 1.40035
3, 319629, 4520807, 13.9148
4, 2114486, 2406321, 29.0932
5, 1926769, 479552, 10.5756
6, 418518, 61034, 1.94771
7, 49966, 11068, 0.775456
8, 6359, 4709, 0.656064
9, 922, 3787, 0.607744
10, 152, 3635, 0.290496
11, 14, 3621, 0.287424
12, 2, 3619, 0.281664
0, 0, 4847571, 0.344
1, 1, 4847570, 0.291264
2, 16, 4847554, 0.301248
3, 80, 4847474, 0.637216
4, 902, 4846572, 0.702144
5, 60569, 4786003, 3.96794
6, 1228416, 3557587, 30.2581
7, 2605634, 951953, 17.9798
8, 829758, 122195, 3.24403
9, 103806, 18389, 0.994944
10, 12729, 5660, 0.673952
11, 1731, 3929, 0.619296
12, 269, 3660, 0.30512
13, 38, 3622, 0.28544
14, 3, 3619, 0.286496
0, 0, 4847571, 0.328864
1, 8, 4847563, 0.282784
2, 107, 4847456, 0.618144
3, 1191, 4846265, 0.666912
4, 32228, 4814037, 2.58061
5, 812301, 4001736, 22.4965
6, 2690824, 1310912, 25.5809
7, 1141781, 169131, 4.93773
8, 144975, 24156, 1.14966
9, 17810, 6346, 0.67264
10, 2298, 4048, 0.6192
11, 372, 3676, 0.5728
12, 54, 3622, 0.279936
13, 3, 3619, 0.274656
0, 0, 4847571, 0.36992
1, 1, 4847570, 0.294848
2, 9, 4847561, 0.306624
3, 630, 4846931, 0.694624
4, 39636, 4807295, 3.16086
5, 977136, 3830159, 27.6315
6, 2657455, 1172704, 21.1234
7, 1014974, 157730, 4.58317
8, 135314, 22416, 1.07168
9, 16288, 6128, 0.668992
10, 2144, 3984, 0.629312
11, 318, 3666, 0.32048
12, 44, 3622, 0.28864
13, 3, 3619, 0.28992
0, 0, 4847571, 0.345088
1, 3, 4847568, 0.28976
2, 65, 4847503, 0.627616
3, 3599, 4843904, 1.17482
4, 203845, 4640059, 12.9548
5, 1889350, 2750709, 29.1131
6, 2134890, 615819, 12.636
7, 535176, 80643, 2.59434
8, 67157, 13486, 0.899136
9, 8350, 5136, 0.66672
10, 1238, 3898, 0.61712
11, 244, 3654, 0.309504
12, 31, 3623, 0.288288
13, 4, 3619, 0.295808
0, 0, 4847571, 0.340928
1, 10, 4847561, 0.297824
2, 464, 4847097, 0.662944
3, 21216, 4825881, 2.51776
4, 681708, 4144173, 22.4177
5, 2587248, 1556925, 25.3945
6, 1325879, 231046, 6.22
7, 199213, 31833, 1.2751
8, 24404, 7429, 0.693984
9, 3221, 4208, 0.622176
10, 482, 3726, 0.612352
11, 102, 3624, 0.288544
12, 4, 3620, 0.292608
13, 1, 3619, 0.302944
0, 0, 4847571, 0.325728
1, 85, 4847486, 0.624704
2, 16267, 4831219, 3.23782
3, 339533, 4491686, 11.7371
4, 1374898, 3116788, 23.9229
5, 2250968, 865820, 14.9438
6, 750327, 115493, 3.33597
7, 98051, 17442, 0.978144
8, 11917, 5525, 0.68016
9, 1603, 3922, 0.601568
10, 275, 3647, 0.284736
11, 25, 3622, 0.279968
12, 3, 3619, 0.272544
0, 0, 4847571, 0.329632
1, 9, 4847562, 0.311392
2, 422, 4847140, 0.666272
3, 23278, 4823862, 2.3585
4, 563540, 4260322, 18.0574
5, 2442591, 1817731, 28.5187
6, 1534462, 283269, 6.7081
7, 247000, 36269, 1.39536
8, 28506, 7763, 0.69952
9, 3452, 4311, 0.67088
10, 576, 3735, 0.616192
11, 112, 3623, 0.305056
12, 4, 3619, 0.277376
0, 0, 4847571, 0.339392
1, 1, 4847570, 0.28544
2, 53, 4847517, 0.66208
3, 19487, 4828030, 3.4721
4, 314273, 4513757, 10.5634
5, 1205794, 3307963, 22.7725
6, 2294608, 1013355, 19.5365
7, 873196, 140159, 3.58013
8, 119519, 20640, 1.02198
9, 14689, 5951, 0.685312
10, 1966, 3985, 0.63088
11, 305, 3680, 0.305824
12, 58, 3622, 0.300096
13, 3, 3619, 0.299744
0, 0, 4847571, 0.320672
1, 2, 4847569, 0.289056
2, 22, 4847547, 0.621184
3, 1340, 4846207, 0.855392
4, 121391, 4724816, 8.43722
5, 1603728, 3121088, 29.5738
6, 2323635, 797453, 14.8174
7, 691409, 106044, 3.04611
8, 89494, 16550, 0.930272
9, 11111, 5439, 0.634176
10, 1528, 3911, 0.58944
11, 259, 3652, 0.285152
12, 29, 3623, 0.279072
13, 4, 3619, 0.272736
0, 0, 4847571, 0.339968
1, 12, 4847559, 0.291392
2, 292, 4847267, 0.645184
3, 9631, 4837636, 1.70483
4, 391474, 4446162, 14.7636
5, 2425477, 2020685, 30.7428
6, 1707990, 312695, 8.29008
7, 271778, 40917, 1.65498
8, 32218, 8699, 0.729152
9, 4351, 4348, 0.6584
10, 578, 3770, 0.614016
11, 143, 3627, 0.309376
12, 7, 3620, 0.29424
13, 1, 3619, 0.28464
0, 0, 4847571, 0.350432
1, 5, 4847566, 0.286112
2, 116, 4847450, 0.649312
3, 4364, 4843086, 1.20458
4, 268193, 4574893, 12.2876
5, 2125863, 2449030, 30.7835
6, 1973486, 475544, 10.6044
7, 414698, 60846, 1.98822
8, 49842, 11004, 0.777184
9, 6317, 4687, 0.662624
10, 884, 3803, 0.600448
11, 168, 3635, 0.298496
12, 15, 3620, 0.295552
13, 1, 3619, 0.29632
0, 0, 4847571, 0.321792
1, 1, 4847570, 0.274304
2, 276, 4847294, 0.663072
3, 27961, 4819333, 3.08445
4, 810893, 4008440, 24.2086
5, 2448714, 1559726, 22.1709
6, 1310083, 249643, 6.0504
7, 215886, 33757, 1.4152
8, 26260, 7497, 0.683424
9, 3284, 4213, 0.626432
10, 492, 3721, 0.585568
11, 93, 3628, 0.280832
12, 9, 3619, 0.284736
0, 0, 4847571, 0.339424
1, 2, 4847569, 0.302048
2, 335, 4847234, 0.707456
3, 61484, 4785750, 4.55805
4, 1199119, 3586631, 28.291
5, 2511475, 1075156, 18.3539
6, 924829, 150327, 3.87565
7, 128498, 21829, 1.08797
8, 15729, 6100, 0.68128
9, 2055, 4045, 0.63104
10, 377, 3668, 0.602848
11, 45, 3623, 0.295328
12, 3, 3620, 0.285504
13, 1, 3619, 0.293088
