Reading /data-2/topc-datasets/.soc-LiveJournal1.mtx.ud.0.bin
CPU BFS finished in 697.570801 msec. Search depth is: 12
0, 0, 4847571, 2.30595
1, 94, 4847477, 1.04915
2, 20685, 4826792, 2.14627
3, 650943, 4175849, 15.1232
4, 2469146, 1706703, 15.7261
5, 1426597, 280106, 3.94909
6, 242050, 38056, 1.35008
7, 29908, 8148, 1.11728
8, 3821, 4327, 1.08304
9, 565, 3762, 1.06717
10, 133, 3629, 1.05933
11, 10, 3619, 1.05597

CORRECT
0, 0, 4847571, 1.09917
1, 11, 4847560, 1.02192
2, 83, 4847477, 1.04493
3, 963, 4846514, 1.09542
4, 77394, 4769120, 3.62307
5, 1350434, 3418686, 20.588
6, 2557284, 861402, 10.4394
7, 752577, 108825, 1.98598
8, 92444, 16381, 1.43101
9, 10964, 5417, 1.09238
10, 1513, 3904, 1.07606
11, 252, 3652, 1.06406
12, 31, 3621, 1.05645
13, 2, 3619, 1.06208
0, 0, 4847571, 1.10774
1, 4, 4847567, 1.02387
2, 326, 4847241, 1.04211
3, 26688, 4820553, 2.20448
4, 670878, 4149675, 13.919
5, 2450040, 1699635, 16.5654
6, 1424739, 274896, 3.68323
7, 238732, 36164, 1.32896
8, 28320, 7844, 1.12282
9, 3547, 4297, 1.09709
10, 597, 3700, 1.0689
11, 70, 3630, 1.05725
12, 11, 3619, 1.0559
0, 0, 4847571, 1.0792
1, 1, 4847570, 1.02877
2, 35, 4847535, 1.03981
3, 1768, 4845767, 1.07757
4, 41238, 4804529, 2.30618
5, 804976, 3999553, 15.8339
6, 2655693, 1343860, 15.7572
7, 1159957, 183903, 2.77712
8, 158074, 25829, 1.24163
9, 19070, 6759, 1.10022
10, 2687, 4072, 1.08186
11, 380, 3692, 1.05648
12, 69, 3623, 1.04854
13, 4, 3619, 1.05402
0, 0, 4847571, 1.08496
1, 3, 4847568, 1.01875
2, 23, 4847545, 1.02803
3, 440, 4847105, 1.04509
4, 26907, 4820198, 2.17411
5, 771222, 4048976, 15.4639
6, 2578807, 1470169, 15.778
7, 1257311, 212858, 3.0616
8, 183500, 29358, 1.24566
9, 22372, 6986, 1.0871
10, 2842, 4144, 1.07274
11, 441, 3703, 1.06365
12, 77, 3626, 1.06493
13, 7, 3619, 1.05773
0, 0, 4847571, 1.08771
1, 4, 4847567, 1.02957
2, 119, 4847448, 1.03094
3, 4913, 4842535, 1.2104
4, 220833, 4621702, 7.4441
5, 2127432, 2494270, 22.2616
6, 2052738, 441532, 5.60627
7, 384937, 56595, 1.48586
8, 46010, 10585, 1.11514
9, 6019, 4566, 1.08717
10, 771, 3795, 1.06419
11, 167, 3628, 1.05978
12, 8, 3620, 1.04765
13, 1, 3619, 1.05504
0, 0, 4847571, 1.0791
1, 3, 4847568, 1.02678
2, 12, 4847556, 1.03338
3, 125, 4847431, 1.03101
4, 2704, 4844727, 1.10874
5, 104759, 4739968, 4.04563
6, 1554408, 3185560, 21.552
7, 2491347, 694213, 9.3488
8, 609332, 84881, 1.75274
9, 70889, 13992, 1.1576
10, 8897, 5095, 1.07306
11, 1237, 3858, 1.06019
12, 213, 3645, 1.05443
13, 23, 3622, 1.04963
14, 3, 3619, 1.03894
0, 0, 4847571, 1.08966
1, 11, 4847560, 1.0288
2, 95, 4847465, 1.03187
3, 4092, 4843373, 1.19162
4, 183595, 4659778, 5.48147
5, 1823768, 2836010, 21.49
6, 2279513, 556497, 7.97782
7, 490907, 65590, 1.59091
8, 53849, 11741, 1.11693
9, 6944, 4797, 1.07523
10, 982, 3815, 1.06694
11, 174, 3641, 1.06637
12, 20, 3621, 1.04989
13, 2, 3619, 1.05094
0, 0, 4847571, 1.08698
1, 1, 4847570, 1.02544
2, 7, 4847563, 1.03466
3, 1956, 4845607, 1.2512
4, 177975, 4667632, 5.97686
5, 1095405, 3572227, 15.5277
6, 2348563, 1223664, 11.982
7, 1042749, 180915, 2.63194
8, 155366, 25549, 1.22736
9, 19044, 6505, 1.09555
10, 2466, 4039, 1.06701
11, 363, 3676, 1.06528
12, 53, 3623, 1.05222
13, 4, 3619, 1.05642
0, 0, 4847571, 1.08214
1, 36, 4847535, 1.0201
2, 739, 4846796, 1.04995
3, 42729, 4804067, 2.35491
4, 989348, 3814719, 17.9459
5, 2674541, 1140178, 14.0261
6, 995511, 144667, 2.37414
7, 123678, 20989, 1.20042
8, 14931, 6058, 1.0951
9, 2075, 3983, 1.07645
10, 324, 3659, 1.06912
11, 36, 3623, 1.04656
12, 3, 3620, 1.04784
13, 1, 3619, 1.03747
0, 0, 4847571, 1.16458
1, 1, 4847570, 1.08864
2, 50, 4847520, 1.08746
3, 1893, 4845627, 1.15558
4, 117223, 4728404, 4.12326
5, 1554288, 3174116, 21.1188
6, 2484696, 689420, 9.76746
7, 609465, 79955, 1.77082
8, 66787, 13168, 1.16826
9, 8182, 4986, 1.09894
10, 1143, 3843, 1.09379
11, 202, 3641, 1.07952
12, 19, 3622, 1.08566
13, 3, 3619, 1.08928
0, 0, 4847571, 1.12432
1, 3, 4847568, 1.05338
2, 57, 4847511, 1.06442
3, 789, 4846722, 1.07389
4, 25293, 4821429, 1.99462
5, 695747, 4125682, 14.6045
6, 2592323, 1533359, 16.9268
7, 1314555, 218804, 3.17978
8, 188359, 30445, 1.27856
9, 23237, 7208, 1.10179
10, 2983, 4225, 1.08371
11, 493, 3732, 1.07494
12, 105, 3627, 1.0663
13, 7, 3620, 1.07987
14, 1, 3619, 1.07533
0, 0, 4847571, 1.09888
1, 9, 4847562, 1.04598
2, 2901, 4844661, 1.33488
3, 187380, 4657281, 5.50189
4, 788000, 3869281, 12.3671
5, 2218702, 1650579, 14.4996
6, 1374020, 276559, 3.6105
7, 239781, 36778, 1.34621
8, 28835, 7943, 1.11197
9, 3644, 4299, 1.10266
10, 579, 3720, 1.07238
11, 88, 3632, 1.07792
12, 10, 3622, 1.06982
13, 3, 3619, 1.07312
0, 0, 4847571, 1.09898
1, 53, 4847518, 1.04253
2, 9121, 4838397, 1.85571
3, 292491, 4545906, 6.50381
4, 1114434, 3431472, 15.1986
5, 2300587, 1130885, 11.3815
6, 969355, 161530, 2.46688
7, 138561, 22969, 1.2383
8, 16805, 6164, 1.10742
9, 2145, 4019, 1.09296
10, 337, 3682, 1.07603
11, 60, 3622, 1.06544
12, 3, 3619, 1.07578
0, 0, 4847571, 1.09213
1, 8, 4847563, 1.03926
2, 696, 4846867, 1.06925
3, 44000, 4802867, 2.73853
4, 992178, 3810689, 18.0737
5, 2608202, 1202487, 13.2681
6, 1035199, 167288, 2.53133
7, 142921, 24367, 1.22886
8, 17944, 6423, 1.08717
9, 2360, 4063, 1.06515
10, 387, 3676, 1.05629
11, 51, 3625, 1.0473
12, 5, 3620, 1.06896
13, 1, 3619, 1.05645
0, 0, 4847571, 1.08291
1, 3, 4847568, 1.02096
2, 18, 4847550, 1.03718
3, 485, 4847065, 1.05104
4, 31976, 4815089, 2.14771
5, 884424, 3930665, 17.1015
6, 2689680, 1240985, 14.9087
7, 1079103, 161882, 2.53779
8, 138601, 23281, 1.21174
9, 16978, 6303, 1.10208
10, 2246, 4057, 1.07203
11, 370, 3687, 1.07514
12, 64, 3623, 1.0624
13, 3, 3620, 1.05488
14, 1, 3619, 1.05651
0, 0, 4847571, 1.06646
1, 8, 4847563, 1.02195
2, 106, 4847457, 1.03309
3, 6290, 4841167, 1.25805
4, 274923, 4566244, 8.09824
5, 2178809, 2387435, 21.5047
6, 1978238, 409197, 5.56429
7, 357531, 51666, 1.45158
8, 41706, 9960, 1.12208
9, 5335, 4625, 1.09469
10, 849, 3776, 1.06531
11, 143, 3633, 1.06
12, 12, 3621, 1.04918
13, 2, 3619, 1.048
0, 0, 4847571, 1.08672
1, 11, 4847560, 1.03789
2, 53, 4847507, 1.0249
3, 100, 4847407, 1.04125
4, 4885, 4842522, 1.2623
5, 263325, 4579197, 8.46992
6, 2152232, 2426965, 20.7589
7, 1972054, 454911, 5.7336
8, 397686, 57225, 1.4921
9, 46779, 10446, 1.11203
10, 5809, 4637, 1.0857
11, 853, 3784, 1.07366
12, 154, 3630, 1.06835
13, 9, 3621, 1.06419
14, 2, 3619, 1.05661
0, 0, 4847571, 1.07139
1, 21, 4847550, 1.02422
2, 870, 4846680, 1.08131
3, 84816, 4761864, 4.13331
4, 1492071, 3269793, 21.3652
5, 2464691, 805102, 9.17478
6, 699873, 105229, 1.92058
7, 88752, 16477, 1.16093
8, 11090, 5387, 1.09235
9, 1476, 3911, 1.06627
10, 260, 3651, 1.07082
11, 30, 3621, 1.05427
12, 2, 3619, 1.06186
0, 0, 4847571, 1.06762
1, 22, 4847549, 1.02547
2, 1369, 4846180, 1.17242
3, 151098, 4695082, 4.98979
4, 683578, 4011504, 11.3293
5, 2185572, 1825932, 15.6911
6, 1511211, 314721, 3.94208
7, 273145, 41576, 1.36829
8, 33005, 8571, 1.1065
9, 4195, 4376, 1.0953
10, 630, 3746, 1.06614
11, 117, 3629, 1.0617
12, 9, 3620, 1.04854
13, 1, 3619, 1.04294
0, 0, 4847571, 1.07194
1, 3, 4847568, 1.03018
2, 20, 4847548, 1.03306
3, 1050, 4846498, 1.15715
4, 120296, 4726202, 4.47587
5, 550477, 4175725, 9.11213
6, 1943165, 2232560, 16.9339
7, 1790349, 442211, 5.27523
8, 385572, 56639, 1.47763
9, 46156, 10483, 1.12486
10, 5810, 4673, 1.08909
11, 860, 3813, 1.07062
12, 183, 3630, 1.05923
13, 9, 3621, 1.06541
14, 2, 3619, 1.06304
0, 0, 4847571, 1.08141
1, 2, 4847569, 1.03187
2, 50, 4847519, 1.02931
3, 1162, 4846357, 1.10406
4, 117885, 4728472, 5.03635
5, 1663009, 3065463, 21.4221
6, 2348701, 716762, 8.33722
7, 623350, 93412, 1.8192
8, 78499, 14913, 1.1464
9, 9680, 5233, 1.08237
10, 1353, 3880, 1.06013
11, 230, 3650, 1.07389
12, 28, 3622, 1.06432
13, 3, 3619, 1.05638
0, 0, 4847571, 1.06118
1, 3, 4847568, 1.02243
2, 101, 4847467, 1.02349
3, 1742, 4845725, 1.10282
4, 86233, 4759492, 3.83581
5, 1434734, 3324758, 20.7971
6, 2520127, 804631, 10.1451
7, 703165, 101466, 1.95658
8, 85301, 16165, 1.1689
9, 10707, 5458, 1.08093
10, 1524, 3934, 1.0543
11, 275, 3659, 1.05203
12, 36, 3623, 1.05197
13, 4, 3619, 1.0391
0, 0, 4847571, 1.07731
1, 1, 4847570, 1.02294
2, 37, 4847533, 1.03267
3, 4759, 4842774, 1.31315
4, 194433, 4648341, 5.99178
5, 1725404, 2922937, 20.2795
6, 2268814, 654123, 8.3023
7, 573048, 81075, 1.71293
8, 67932, 13143, 1.13037
9, 8135, 5008, 1.09686
10, 1158, 3850, 1.07126
11, 208, 3642, 1.07094
12, 20, 3622, 1.06064
13, 3, 3619, 1.05677
0, 0, 4847571, 1.08083
1, 1, 4847570, 1.02131
2, 92, 4847478, 1.02544
3, 2857, 4844621, 1.1272
4, 126185, 4718436, 4.38925
5, 1560335, 3158101, 20.6596
6, 2461240, 696861, 9.82195
7, 614132, 82729, 1.77078
8, 68932, 13797, 1.1425
9, 8717, 5080, 1.09846
10, 1214, 3866, 1.06605
11, 224, 3642, 1.06352
12, 21, 3621, 1.06275
13, 2, 3619, 1.06646
0, 0, 4847571, 1.07952
1, 1, 4847570, 1.02582
2, 121, 4847449, 1.03971
3, 6491, 4840958, 1.34509
4, 354503, 4486455, 10.0289
5, 2374092, 2112363, 20.4521
6, 1767029, 345334, 4.57558
7, 301080, 44254, 1.39331
8, 35458, 8796, 1.12147
9, 4397, 4399, 1.09456
10, 644, 3755, 1.06138
11, 126, 3629, 1.04602
12, 9, 3620, 1.05811
13, 1, 3619, 1.04707
0, 0, 4847571, 1.06826
1, 2, 4847569, 1.01725
2, 112, 4847457, 1.04451
3, 29050, 4818407, 2.30275
4, 886674, 3931733, 18.1357
5, 2592195, 1339538, 13.3535
6, 1142012, 197526, 2.81085
7, 169888, 27638, 1.2369
8, 20651, 6987, 1.08864
9, 2827, 4160, 1.08973
10, 453, 3707, 1.06451
11, 84, 3623, 1.05635
12, 3, 3620, 1.05437
13, 1, 3619, 1.04864
0, 0, 4847571, 1.0639
1, 1, 4847570, 1.02534
2, 14, 4847556, 1.02922
3, 232, 4847324, 1.02288
4, 5663, 4841661, 1.23011
5, 238792, 4602869, 7.50566
6, 2111507, 2491362, 21.955
7, 2051182, 440180, 5.61744
8, 384134, 56046, 1.49315
9, 45560, 10486, 1.12682
10, 5827, 4659, 1.07658
11, 841, 3818, 1.06704
12, 174, 3644, 1.06192
13, 23, 3621, 1.07082
14, 2, 3619, 1.05597
0, 0, 4847571, 1.06272
1, 1, 4847570, 1.03216
2, 13, 4847557, 1.03171
3, 438, 4847119, 1.0401
4, 8991, 4838128, 1.4215
5, 363366, 4474762, 10.6673
6, 2253490, 2221272, 19.211
7, 1816899, 404373, 5.07363
8, 352214, 52159, 1.44816
9, 42264, 9895, 1.1065
10, 5349, 4546, 1.07885
11, 764, 3782, 1.05594
12, 154, 3628, 1.06125
13, 7, 3621, 1.04598
14, 2, 3619, 1.04848
0, 0, 4847571, 1.06918
1, 1, 4847570, 1.03782
2, 49, 4847521, 1.05165
3, 1736, 4845785, 1.09091
4, 91244, 4754541, 3.81418
5, 1481064, 3273477, 21.3138
6, 2524385, 749092, 9.68326
7, 656389, 92703, 1.82672
8, 77587, 15116, 1.15478
9, 9822, 5294, 1.08979
10, 1383, 3911, 1.05597
11, 235, 3676, 1.06173
12, 54, 3622, 1.05318
13, 3, 3619, 1.05005
0, 0, 4847571, 1.06067
1, 149, 4847422, 1.01667
2, 3286, 4844136, 1.10342
3, 72636, 4771500, 2.99642
4, 1172488, 3599012, 19.087
5, 2634766, 964246, 12.476
6, 845344, 118902, 2.10157
7, 100808, 18094, 1.18061
8, 12414, 5680, 1.08355
9, 1722, 3958, 1.06458
10, 308, 3650, 1.06224
11, 29, 3621, 1.05821
12, 2, 3619, 1.05206
0, 0, 4847571, 1.05158
1, 4, 4847567, 1.02237
2, 177, 4847390, 1.03779
3, 12494, 4834896, 1.48938
4, 437402, 4397494, 10.9188
5, 2447640, 1949854, 19.898
6, 1661584, 288270, 4.11501
7, 251418, 36852, 1.31875
8, 28813, 8039, 1.10554
9, 3743, 4296, 1.08099
10, 578, 3718, 1.05606
11, 94, 3624, 1.05843
12, 4, 3620, 1.04035
13, 1, 3619, 1.05357
0, 0, 4847571, 1.07075
1, 2, 4847569, 1.02746
2, 107, 4847462, 1.04525
3, 6655, 4840807, 1.28944
4, 250796, 4590011, 8.02464
5, 2125213, 2464798, 21.3227
6, 2011954, 452844, 5.61162
7, 395090, 57754, 1.49542
8, 46961, 10793, 1.11878
9, 6066, 4727, 1.07504
10, 916, 3811, 1.06538
11, 175, 3636, 1.05056
12, 15, 3621, 1.05984
13, 2, 3619, 1.05485
0, 0, 4847571, 1.07149
1, 8, 4847563, 1.03795
2, 20896, 4826667, 1.45888
3, 228525, 4598142, 6.02992
4, 904675, 3693467, 13.6409
5, 2347291, 1346176, 13.2752
6, 1148066, 198110, 2.81174
7, 170357, 27753, 1.24704
8, 20860, 6893, 1.09018
9, 2763, 4130, 1.07747
10, 423, 3707, 1.06397
11, 83, 3624, 1.05312
12, 4, 3620, 1.06502
13, 1, 3619, 1.06477
0, 0, 4847571, 1.05446
1, 1, 4847570, 1.01434
2, 72, 4847498, 1.02298
3, 2032, 4845466, 1.10957
4, 105221, 4740245, 4.53696
5, 1649915, 3090330, 22.0319
6, 2407030, 683300, 8.32579
7, 597094, 86206, 1.74986
8, 72135, 14071, 1.14627
9, 8901, 5170, 1.08582
10, 1296, 3874, 1.06269
11, 227, 3647, 1.05242
12, 25, 3622, 1.04109
13, 3, 3619, 1.0447
0, 0, 4847571, 1.07187
1, 1, 4847570, 1.02179
2, 19, 4847551, 1.03648
3, 300, 4847251, 1.0569
4, 41057, 4806194, 2.27184
5, 901673, 3904521, 16.5795
6, 2672908, 1231613, 15.2968
7, 1075090, 156523, 2.49942
8, 134736, 21787, 1.19677
9, 15732, 6055, 1.07658
10, 2049, 4006, 1.05552
11, 350, 3656, 1.0599
12, 36, 3620, 1.06323
13, 1, 3619, 1.05434
0, 0, 4847571, 1.05939
1, 1, 4847570, 1.02243
2, 5, 4847565, 1.03658
3, 67, 4847498, 1.0337
4, 2156, 4845342, 1.08941
5, 101783, 4743559, 4.09459
6, 1563444, 3180115, 21.1896
7, 2463644, 716471, 9.62323
8, 628929, 87542, 1.78669
9, 73093, 14449, 1.15107
10, 9221, 5228, 1.08304
11, 1314, 3914, 1.06365
12, 270, 3644, 1.06845
13, 24, 3620, 1.05165
14, 1, 3619, 1.05069
0, 0, 4847571, 1.05078
1, 1, 4847570, 1.01021
2, 46, 4847524, 1.02662
3, 1403, 4846121, 1.11504
4, 111995, 4734126, 4.93824
5, 1568222, 3165904, 20.5676
6, 2368482, 797422, 9.09216
7, 692677, 104745, 1.93514
8, 88560, 16185, 1.15382
9, 10765, 5420, 1.08285
10, 1529, 3891, 1.06278
11, 242, 3649, 1.05891
12, 27, 3622, 1.03379
13, 3, 3619, 1.05235
0, 0, 4847571, 1.06787
1, 3, 4847568, 1.0264
2, 334, 4847234, 1.04541
3, 22770, 4824464, 1.94243
4, 635758, 4188706, 13.3246
5, 2611032, 1577674, 18.0774
6, 1363314, 214360, 3.17846
7, 186250, 28110, 1.2631
8, 21221, 6889, 1.09443
9, 2786, 4103, 1.0696
10, 428, 3675, 1.05571
11, 53, 3622, 1.04131
12, 3, 3619, 1.05821
0, 0, 4847571, 1.07203
1, 3, 4847568, 1.02627
2, 29, 4847539, 1.02653
3, 1116, 4846423, 1.07642
4, 64630, 4781793, 3.47206
5, 1227052, 3554741, 19.8182
6, 2552248, 1002493, 11.0571
7, 866588, 135905, 2.19213
8, 115511, 20394, 1.17155
9, 14410, 5984, 1.08838
10, 2015, 3969, 1.0705
11, 308, 3661, 1.06227
12, 40, 3621, 1.05741
13, 2, 3619, 1.05773
0, 0, 4847571, 1.06186
1, 6, 4847565, 1.01379
2, 16, 4847549, 1.01062
3, 200, 4847349, 1.0247
4, 11699, 4835650, 1.6145
5, 564495, 4271155, 13.8817
6, 2540571, 1730584, 17.2625
7, 1462685, 267899, 3.66397
8, 232605, 35294, 1.31162
9, 27519, 7775, 1.10189
10, 3477, 4298, 1.08806
11, 564, 3734, 1.06042
12, 109, 3625, 1.05626
13, 4, 3621, 1.06701
14, 2, 3619, 1.04147
0, 0, 4847571, 1.05341
1, 2, 4847569, 1.03306
2, 1, 4847568, 1.01498
3, 19, 4847549, 1.02406
4, 6429, 4841120, 1.22963
5, 211475, 4629645, 6.43504
6, 1928719, 2700926, 21.6045
7, 2193228, 507698, 6.82179
8, 445738, 61960, 1.53011
9, 51017, 10943, 1.1129
10, 6214, 4729, 1.07834
11, 945, 3784, 1.06285
12, 147, 3637, 1.03773
13, 16, 3621, 1.05664
14, 2, 3619, 1.05498
0, 0, 4847571, 1.06147
1, 49, 4847522, 1.03014
2, 1506, 4846016, 1.11213
3, 108105, 4737911, 4.58602
4, 1535444, 3202467, 20.6523
5, 2399446, 803021, 9.416
6, 698060, 104961, 1.92515
7, 88623, 16338, 1.14854
8, 10903, 5435, 1.08816
9, 1546, 3889, 1.05734
10, 251, 3638, 1.06134
11, 16, 3622, 1.07008
12, 3, 3619, 1.05376
0, 0, 4847571, 1.06803
1, 11, 4847560, 1.04038
2, 94, 4847466, 1.01738
3, 2457, 4845009, 1.13504
4, 146817, 4698192, 6.11021
5, 1715359, 2982833, 20.6697
6, 2272241, 710592, 7.95357
7, 617313, 93279, 1.81299
8, 78045, 15234, 1.14429
9, 10013, 5221, 1.09114
10, 1333, 3888, 1.06752
11, 242, 3646, 1.05411
12, 24, 3622, 1.05891
13, 3, 3619, 1.06208
0, 0, 4847571, 1.04842
1, 1, 4847570, 1.00829
2, 17, 4847553, 1.0216
3, 347, 4847206, 1.04515
4, 13923, 4833283, 1.52589
5, 487926, 4345357, 11.969
6, 2508583, 1836774, 19.2675
7, 1562528, 274246, 3.79574
8, 237581, 36665, 1.32864
9, 28394, 8271, 1.10272
10, 3891, 4380, 1.07363
11, 644, 3736, 1.0616
12, 109, 3627, 1.04211
13, 7, 3620, 1.04765
14, 1, 3619, 1.05056
0, 0, 4847571, 1.07238
1, 10, 4847561, 1.03213
2, 177, 4847384, 1.03766
3, 21976, 4825408, 1.67802
4, 599905, 4225503, 13.4303
5, 2588550, 1636953, 18.1495
6, 1407535, 229418, 3.2792
7, 198796, 30622, 1.25731
8, 23404, 7218, 1.08262
9, 3022, 4196, 1.06112
10, 526, 3670, 1.05603
11, 48, 3622, 1.04848
12, 3, 3619, 1.05536
0, 0, 4847571, 1.05846
1, 15, 4847556, 1.03706
2, 284, 4847272, 1.04182
3, 18345, 4828927, 1.79213
4, 614992, 4213935, 14.2808
5, 2572007, 1641928, 17.1524
6, 1398232, 243696, 3.3273
7, 210972, 32724, 1.28
8, 25355, 7369, 1.11293
9, 3170, 4199, 1.06938
10, 509, 3690, 1.0673
11, 68, 3622, 1.0616
12, 3, 3619, 1.05978
0, 0, 4847571, 1.06534
1, 5, 4847566, 1.01699
2, 47, 4847519, 1.03142
3, 3105, 4844414, 1.18733
4, 210181, 4634233, 7.94157
5, 1886329, 2747904, 19.7179
6, 2118825, 629079, 7.19683
7, 547004, 82075, 1.71184
8, 68516, 13559, 1.13958
9, 8464, 5095, 1.08954
10, 1185, 3910, 1.0633
11, 261, 3649, 1.06912
12, 27, 3622, 1.04627
13, 3, 3619, 1.05155
0, 0, 4847571, 1.05453
1, 4, 4847567, 1.03222
2, 87, 4847480, 1.03581
3, 3062, 4844418, 1.19837
4, 201080, 4643338, 7.0031
5, 1995928, 2647410, 21.4787
6, 2125507, 521903, 6.45046
7, 455721, 66182, 1.56698
8, 54750, 11432, 1.12406
9, 6721, 4711, 1.06806
10, 905, 3806, 1.05718
11, 175, 3631, 1.04771
12, 10, 3621, 1.04346
13, 2, 3619, 1.0593
0, 0, 4847571, 1.05654
1, 21, 4847550, 1.02211
2, 4935, 4842615, 1.15466
3, 141299, 4701316, 4.87424
4, 1722360, 2978956, 22.065
5, 2366951, 612005, 8.12973
6, 536678, 75327, 1.6671
7, 62137, 13190, 1.12605
8, 8119, 5071, 1.07158
9, 1245, 3826, 1.0631
10, 194, 3632, 1.06189
11, 11, 3621, 1.05344
12, 2, 3619, 1.04998
0, 0, 4847571, 1.07187
1, 7, 4847564, 1.03622
2, 331, 4847233, 1.0455
3, 17701, 4829532, 1.59325
4, 545891, 4283641, 12.9913
5, 2589646, 1693995, 18.5815
6, 1449410, 244585, 3.46474
7, 211246, 33339, 1.28512
8, 25607, 7732, 1.09648
9, 3499, 4233, 1.08
10, 528, 3705, 1.07133
11, 81, 3624, 1.04611
12, 5, 3619, 1.05533
0, 0, 4847571, 1.06602
1, 2, 4847569, 1.01338
2, 122, 4847447, 1.0217
3, 13562, 4833885, 1.76128
4, 520818, 4313067, 12.5905
5, 2433000, 1880067, 17.9563
6, 1568479, 311588, 4.05872
7, 270216, 41372, 1.35133
8, 32876, 8496, 1.09741
9, 4127, 4369, 1.1111
10, 624, 3745, 1.06336
11, 119, 3626, 1.05702
12, 6, 3620, 1.04442
13, 1, 3619, 1.04358
0, 0, 4847571, 1.05325
1, 13, 4847558, 1.02883
2, 868, 4846690, 1.05501
3, 30283, 4816407, 2.04243
4, 741204, 4075203, 14.9113
5, 2663696, 1411507, 16.9199
6, 1223072, 188435, 2.85923
7, 162049, 26386, 1.23539
8, 19679, 6707, 1.08109
9, 2598, 4109, 1.06378
10, 383, 3726, 1.06739
11, 102, 3624, 1.04957
12, 5, 3619, 1.05606
0, 0, 4847571, 1.0753
1, 14, 4847557, 1.03315
2, 383, 4847174, 1.04419
3, 14230, 4832944, 1.59402
4, 496968, 4335976, 12.2735
5, 2512576, 1823400, 18.8269
6, 1548008, 275392, 3.77971
7, 239435, 35957, 1.31581
8, 28162, 7795, 1.09472
9, 3517, 4278, 1.08643
10, 553, 3725, 1.07107
11, 100, 3625, 1.05213
12, 6, 3619, 1.05754
0, 0, 4847571, 1.06691
1, 8, 4847563, 1.03325
2, 99, 4847464, 1.0263
3, 5180, 4842284, 1.25344
4, 232304, 4609980, 7.91341
5, 2026845, 2583135, 20.5422
6, 2059845, 523290, 6.45798
7, 456373, 66917, 1.56778
8, 55319, 11598, 1.12522
9, 6773, 4825, 1.08832
10, 989, 3836, 1.06214
11, 206, 3630, 1.06173
12, 9, 3621, 1.0497
13, 2, 3619, 1.04733
0, 0, 4847571, 1.05773
1, 1, 4847570, 1.0193
2, 13, 4847557, 1.02221
3, 18, 4847539, 1.0233
4, 620, 4846919, 1.06256
5, 67961, 4778958, 3.09549
6, 1164764, 3614194, 18.3962
7, 2603184, 1011010, 12.9236
8, 885720, 125290, 2.17162
9, 107116, 18174, 1.1783
10, 12596, 5578, 1.07955
11, 1644, 3934, 1.05978
12, 287, 3647, 1.05859
13, 25, 3622, 1.04541
14, 3, 3619, 1.05053
0, 0, 4847571, 1.06125
1, 2, 4847569, 1.02163
2, 46, 4847523, 1.03235
3, 1073, 4846450, 1.05635
4, 50140, 4796310, 2.63152
5, 1067680, 3728630, 18.7828
6, 2687163, 1041467, 13.0793
7, 909722, 131745, 2.188
8, 111651, 20094, 1.17994
9, 14095, 5999, 1.0871
10, 2016, 3983, 1.07354
11, 319, 3664, 1.05882
12, 43, 3621, 1.05459
13, 2, 3619, 1.04947
0, 0, 4847571, 1.0711
1, 1, 4847570, 1.02403
2, 50, 4847520, 1.0289
3, 16922, 4830598, 1.54035
4, 487407, 4343191, 10.9702
5, 2405154, 1938037, 19.7077
6, 1644016, 294021, 4.18576
7, 256837, 37184, 1.32835
8, 29289, 7895, 1.10454
9, 3616, 4279, 1.08157
10, 575, 3704, 1.05971
11, 77, 3627, 1.05459
12, 8, 3619, 1.05686
0, 0, 4847571, 1.05037
1, 66, 4847505, 1.02666
2, 538, 4846967, 1.02288
3, 12338, 4834629, 1.34198
4, 354264, 4480365, 9.11037
5, 2379252, 2101113, 21.3987
6, 1778900, 322213, 4.63235
7, 281234, 40979, 1.36698
8, 32335, 8644, 1.11094
9, 4288, 4356, 1.08672
10, 560, 3796, 1.0647
11, 170, 3626, 1.06064
12, 7, 3619, 1.04186
0, 0, 4847571, 1.07126
1, 6, 4847565, 1.02602
2, 16, 4847549, 1.03523
3, 1392, 4846157, 1.10118
4, 89608, 4756549, 3.70016
5, 1373826, 3382723, 20.5485
6, 2556744, 825979, 10.4205
7, 723574, 102405, 1.91114
8, 86741, 15664, 1.15325
9, 10377, 5287, 1.07942
10, 1387, 3900, 1.0575
11, 258, 3642, 1.05846
12, 21, 3621, 1.04851
13, 2, 3619, 1.0593
0, 0, 4847571, 1.0664
1, 10, 4847561, 1.02544
2, 573, 4846988, 1.07638
3, 50461, 4796527, 2.84534
4, 1053830, 3742697, 18.3659
5, 2622498, 1120199, 12.9582
6, 973074, 147125, 2.43104
7, 125287, 21838, 1.1904
8, 15613, 6225, 1.0945
9, 2195, 4030, 1.06102
10, 345, 3685, 1.0665
11, 60, 3625, 1.06486
12, 6, 3619, 1.05834
0, 0, 4847571, 1.05571
1, 34, 4847537, 1.02982
2, 4575, 4842962, 1.20995
3, 204981, 4637981, 7.28509
4, 1944349, 2693632, 21.0772
5, 2144486, 549146, 6.53363
6, 478007, 71139, 1.61606
7, 58902, 12237, 1.13414
8, 7340, 4897, 1.0873
9, 1107, 3790, 1.06682
10, 155, 3635, 1.04995
11, 14, 3621, 1.04893
12, 2, 3619, 1.05696
0, 0, 4847571, 1.0536
1, 100, 4847471, 1.03238
2, 15777, 4831694, 1.97683
3, 328896, 4502798, 7.40368
4, 1386947, 3115851, 16.9076
5, 2258401, 857450, 9.11014
6, 742732, 114718, 2.0049
7, 97328, 17390, 1.17405
8, 11814, 5576, 1.09229
9, 1635, 3941, 1.05942
10, 269, 3672, 1.06163
11, 49, 3623, 1.06272
12, 3, 3620, 1.05162
13, 1, 3619, 1.04803
0, 0, 4847571, 1.06608
1, 1, 4847570, 1.02038
2, 26, 4847544, 1.03232
3, 288, 4847256, 1.04301
4, 11945, 4835311, 1.47696
5, 434815, 4400496, 11.2977
6, 2489412, 1911084, 19.7993
7, 1621851, 289233, 3.9503
8, 250792, 38441, 1.3319
9, 30122, 8319, 1.09344
10, 3990, 4329, 1.07078
11, 601, 3728, 1.05754
12, 101, 3627, 1.05312
13, 8, 3619, 1.0503
0, 0, 4847571, 1.06614
1, 9, 4847562, 1.03341
2, 190, 4847372, 1.04192
3, 9697, 4837675, 1.49152
4, 428663, 4409012, 11.1709
5, 2436851, 1972161, 19.554
6, 1657549, 314612, 4.21603
7, 273414, 41198, 1.34941
8, 32522, 8676, 1.11162
9, 4250, 4426, 1.0783
10, 680, 3746, 1.05494
11, 122, 3624, 1.05683
12, 4, 3620, 1.05706
13, 1, 3619, 1.04397
0, 0, 4847571, 1.06422
1, 3, 4847568, 1.01846
2, 86, 4847482, 1.02982
3, 3799, 4843683, 1.20483
4, 206684, 4636999, 6.95149
5, 2016623, 2620376, 21.798
6, 2139511, 480865, 6.30426
7, 421344, 59521, 1.5151
8, 48729, 10792, 1.12109
9, 6097, 4695, 1.09277
10, 885, 3810, 1.06522
11, 179, 3631, 1.0568
12, 10, 3621, 1.05798
13, 2, 3619, 1.05974
0, 0, 4847571, 1.04912
1, 34, 4847537, 1.04406
2, 2173, 4845364, 1.16925
3, 147772, 4697592, 4.81939
4, 709359, 3988233, 11.8982
5, 2238816, 1749417, 15.5488
6, 1457450, 291967, 3.74781
7, 252938, 39029, 1.33482
8, 30906, 8123, 1.1071
9, 3775, 4348, 1.0833
10, 627, 3721, 1.0575
11, 92, 3629, 1.03168
12, 9, 3620, 1.0465
13, 1, 3619, 1.04304
0, 0, 4847571, 1.06451
1, 2, 4847569, 1.03229
2, 130, 4847439, 1.0304
3, 8218, 4839221, 1.4481
4, 356918, 4482303, 9.39654
5, 2325069, 2157234, 20.6719
6, 1809007, 348227, 4.77344
7, 304304, 43923, 1.37437
8, 35202, 8721, 1.09981
9, 4279, 4442, 1.06998
10, 674, 3768, 1.06531
11, 138, 3630, 1.05779
12, 10, 3620, 1.05558
13, 1, 3619, 1.04723
0, 0, 4847571, 1.0735
1, 97, 4847474, 1.04502
2, 11614, 4835860, 1.60506
3, 372672, 4463188, 9.51638
4, 2113110, 2350078, 19.2232
5, 1889400, 460678, 5.79824
6, 401890, 58788, 1.50902
7, 48239, 10549, 1.12029
8, 5889, 4660, 1.0737
9, 855, 3805, 1.0624
10, 173, 3632, 1.05395
11, 12, 3620, 1.05578
12, 1, 3619, 1.05632
0, 0, 4847571, 1.04406
1, 30, 4847541, 1.0184
2, 886, 4846655, 1.03443
3, 21235, 4825420, 1.73002
4, 652183, 4173237, 14.4068
5, 2658040, 1515197, 17.5124
6, 1305798, 209399, 3.05619
7, 179994, 29405, 1.27078
8, 22360, 7045, 1.10093
9, 2899, 4146, 1.07373
10, 441, 3705, 1.06378
11, 82, 3623, 1.06285
12, 4, 3619, 1.04963
0, 0, 4847571, 1.06029
1, 21, 4847550, 1.03405
2, 91, 4847459, 1.02963
3, 6851, 4840608, 1.37696
4, 364388, 4476220, 10.8399
5, 2331912, 2144308, 19.4387
6, 1767615, 376693, 4.75245
7, 327552, 49141, 1.43053
8, 39586, 9555, 1.10781
9, 5041, 4514, 1.07398
10, 716, 3798, 1.05939
11, 163, 3635, 1.04784
12, 15, 3620, 1.04458
13, 1, 3619, 1.04912
0, 0, 4847571, 1.05427
1, 7, 4847564, 1.03194
2, 282, 4847282, 1.04336
3, 21456, 4825826, 1.84842
4, 566495, 4259331, 12.373
5, 2541673, 1717658, 18.774
6, 1469694, 247964, 3.49498
7, 215608, 32356, 1.27946
8, 24839, 7517, 1.08608
9, 3277, 4240, 1.08237
10, 556, 3684, 1.05955
11, 59, 3625, 1.0496
12, 5, 3620, 1.08531
13, 1, 3619, 1.05178
0, 0, 4847571, 1.06528
1, 37, 4847534, 1.03667
2, 2509, 4845025, 1.12646
3, 147711, 4697314, 5.69136
4, 1796187, 2901127, 21.885
5, 2280181, 620946, 7.3183
6, 540814, 80132, 1.70051
7, 66666, 13466, 1.13501
8, 8442, 5024, 1.08125
9, 1150, 3874, 1.07082
10, 224, 3650, 1.06627
11, 29, 3621, 1.05744
12, 2, 3619, 1.05139
0, 0, 4847571, 1.04733
1, 2, 4847569, 1.01712
2, 179, 4847390, 1.03747
3, 9252, 4838138, 1.51648
4, 413973, 4424165, 10.839
5, 2314533, 2109632, 19.1658
6, 1736552, 373080, 4.77389
7, 324706, 48374, 1.41402
8, 38746, 9628, 1.11654
9, 5133, 4495, 1.09917
10, 700, 3795, 1.06125
11, 161, 3634, 1.05091
12, 12, 3622, 1.04016
13, 3, 3619, 1.0377
0, 0, 4847571, 1.05776
1, 41, 4847530, 1.03594
2, 6329, 4841201, 1.27014
3, 244248, 4596953, 7.3057
4, 2093788, 2503165, 21.7908
5, 2062213, 440952, 5.85082
6, 385924, 55028, 1.46995
7, 44914, 10114, 1.11117
8, 5502, 4612, 1.07232
9, 837, 3775, 1.05354
10, 149, 3626, 1.0513
11, 5, 3621, 1.05766
12, 2, 3619, 1.0472
0, 0, 4847571, 1.06509
1, 4, 4847567, 1.03382
2, 158, 4847409, 1.0296
3, 7810, 4839599, 1.43456
4, 361838, 4477761, 9.58749
5, 2283760, 2194001, 20.3787
6, 1821028, 372973, 4.95693
7, 325905, 47068, 1.41264
8, 38014, 9054, 1.1089
9, 4575, 4479, 1.08432
10, 716, 3763, 1.06918
11, 132, 3631, 1.05542
12, 10, 3621, 1.05718
13, 2, 3619, 1.052
0, 0, 4847571, 1.0657
1, 11, 4847560, 1.0192
2, 1310, 4846250, 1.1721
3, 136989, 4709261, 5.10006
4, 834844, 3874417, 12.945
5, 2216084, 1658333, 14.3066
6, 1375304, 283029, 3.62832
7, 245126, 37903, 1.31933
8, 29929, 7974, 1.10704
9, 3710, 4264, 1.08518
10, 555, 3709, 1.06
11, 85, 3624, 1.05229
12, 4, 3620, 1.06192
13, 1, 3619, 1.05498
0, 0, 4847571, 1.05146
1, 2, 4847569, 1.036
2, 9, 4847560, 1.02323
3, 156, 4847404, 1.0416
4, 4107, 4843297, 1.28314
5, 206520, 4636777, 7.14157
6, 2043246, 2593531, 21.8987
7, 2106209, 487322, 5.9872
8, 425420, 61902, 1.53248
9, 50776, 11126, 1.12061
10, 6401, 4725, 1.06992
11, 888, 3837, 1.05978
12, 199, 3638, 1.04739
13, 16, 3622, 1.0479
14, 3, 3619, 1.0504
0, 0, 4847571, 1.0872
1, 1, 4847570, 1.02058
2, 9, 4847561, 1.03773
3, 78, 4847483, 1.0369
4, 22328, 4825155, 2.02883
5, 676781, 4148374, 15.1741
6, 2387288, 1761086, 15.3234
7, 1458296, 302790, 3.8585
8, 262885, 39905, 1.34765
9, 31451, 8454, 1.10605
10, 4112, 4342, 1.08269
11, 590, 3752, 1.06006
12, 116, 3636, 1.04963
13, 15, 3621, 1.04966
14, 2, 3619, 1.05261
0, 0, 4847571, 1.0561
1, 1, 4847570, 1.02314
2, 53, 4847517, 1.0209
3, 3711, 4843806, 1.19712
4, 187550, 4656256, 6.84093
5, 1939594, 2716662, 21.4637
6, 2164791, 551871, 6.53622
7, 480711, 71160, 1.64522
8, 58655, 12505, 1.12813
9, 7580, 4925, 1.08045
10, 1094, 3831, 1.06205
11, 176, 3655, 1.0543
12, 34, 3621, 1.06051
13, 2, 3619, 1.04326
0, 0, 4847571, 1.04774
1, 1, 4847570, 1.01274
2, 13, 4847557, 1.0288
3, 601, 4846956, 1.06131
4, 29388, 4817568, 2.24035
5, 878903, 3938665, 17.5848
6, 2644006, 1294659, 14.1949
7, 1111583, 183076, 2.68061
8, 156604, 26472, 1.23827
9, 19749, 6723, 1.09258
10, 2625, 4098, 1.06214
11, 393, 3705, 1.04979
12, 81, 3624, 1.03958
13, 4, 3620, 1.04784
14, 1, 3619, 1.05171
0, 0, 4847571, 1.06205
1, 15, 4847556, 1.04413
2, 369, 4847187, 1.04794
3, 9781, 4837406, 1.33763
4, 343152, 4494254, 9.02205
5, 2342482, 2151772, 21.3287
6, 1809484, 342288, 4.73357
7, 298225, 44063, 1.36784
8, 35111, 8952, 1.10298
9, 4507, 4445, 1.088
10, 674, 3771, 1.06362
11, 144, 3627, 1.0599
12, 8, 3619, 1.06659
0, 0, 4847571, 1.10314
1, 1, 4847570, 1.01981
2, 98, 4847472, 1.03219
3, 3561, 4843911, 1.18486
4, 177120, 4666791, 6.23187
5, 1758915, 2907876, 20.5451
6, 2254884, 652992, 7.91418
7, 571030, 81962, 1.73309
8, 68367, 13595, 1.14547
9, 8519, 5076, 1.08013
10, 1206, 3870, 1.0713
11, 219, 3651, 1.05744
12, 30, 3621, 1.0535
13, 2, 3619, 1.05187
0, 0, 4847571, 1.05997
1, 3, 4847568, 1.01987
2, 3113, 4844455, 1.32342
3, 169681, 4674774, 5.32045
4, 836059, 3838715, 13.046
5, 2275520, 1563195, 14.1422
6, 1308552, 254643, 3.35443
7, 220171, 34472, 1.31066
8, 26841, 7631, 1.11126
9, 3390, 4241, 1.07466
10, 511, 3730, 1.06307
11, 104, 3626, 1.05738
12, 6, 3620, 1.04845
13, 1, 3619, 1.04934
0, 0, 4847571, 1.07254
1, 1, 4847570, 1.02397
2, 11, 4847559, 1.03024
3, 463, 4847096, 1.05686
4, 31975, 4815121, 2.2593
5, 716085, 4099036, 14.3433
6, 2490364, 1608672, 16.4391
7, 1362655, 246017, 3.44163
8, 213086, 32931, 1.2697
9, 25341, 7590, 1.08723
10, 3314, 4276, 1.06742
11, 563, 3713, 1.04995
12, 86, 3627, 1.05014
13, 7, 3620, 1.0537
14, 1, 3619, 1.05341
0, 0, 4847571, 1.07056
1, 2, 4847569, 1.0295
2, 14, 4847555, 1.0321
3, 464, 4847091, 1.04803
4, 27629, 4819462, 2.11667
5, 851616, 3967846, 16.9513
6, 2708822, 1259024, 14.9496
7, 1091738, 167286, 2.57853
8, 143612, 23674, 1.21373
9, 17385, 6289, 1.08378
10, 2238, 4051, 1.06102
11, 390, 3661, 1.06528
12, 40, 3621, 1.05158
13, 2, 3619, 1.04909
0, 0, 4847571, 1.0625
1, 49, 4847522, 1.02125
2, 3179, 4844343, 1.13402
3, 137686, 4706657, 4.66502
4, 1622295, 3084362, 21.0539
5, 2420105, 664257, 9.18774
6, 583829, 80428, 1.7296
7, 66685, 13743, 1.13264
8, 8680, 5063, 1.08211
9, 1180, 3883, 1.05238
10, 238, 3645, 1.06022
11, 25, 3620, 1.0536
12, 1, 3619, 1.04966
0, 0, 4847571, 1.05373
1, 42, 4847529, 1.03181
2, 7093, 4840436, 1.36416
3, 319629, 4520807, 9.4399
4, 2114486, 2406321, 19.3679
5, 1926769, 479552, 5.99789
6, 418518, 61034, 1.54048
7, 49966, 11068, 1.12781
8, 6359, 4709, 1.08061
9, 922, 3787, 1.06035
10, 152, 3635, 1.04211
11, 14, 3621, 1.04608
12, 2, 3619, 1.04422
0, 0, 4847571, 1.05366
1, 1, 4847570, 1.02278
2, 16, 4847554, 1.02317
3, 80, 4847474, 1.03606
4, 902, 4846572, 1.06106
5, 60569, 4786003, 3.02592
6, 1228416, 3557587, 20.2263
7, 2605634, 951953, 11.2881
8, 829758, 122195, 2.07997
9, 103806, 18389, 1.16054
10, 12729, 5660, 1.07949
11, 1731, 3929, 1.05798
12, 269, 3660, 1.06397
13, 38, 3622, 1.05299
14, 3, 3619, 1.04755
0, 0, 4847571, 1.06378
1, 8, 4847563, 1.02269
2, 107, 4847456, 1.02166
3, 1191, 4846265, 1.04906
4, 32228, 4814037, 2.1248
5, 812301, 4001736, 15.928
6, 2690824, 1310912, 15.9
7, 1141781, 169131, 2.67549
8, 144975, 24156, 1.22224
9, 17810, 6346, 1.08938
10, 2298, 4048, 1.06694
11, 372, 3676, 1.0569
12, 54, 3622, 1.06368
13, 3, 3619, 1.0679
0, 0, 4847571, 1.06029
1, 1, 4847570, 1.01386
2, 9, 4847561, 1.02259
3, 630, 4846931, 1.04989
4, 39636, 4807295, 2.52381
5, 977136, 3830159, 18.1699
6, 2657455, 1172704, 13.4664
7, 1014974, 157730, 2.4441
8, 135314, 22416, 1.20912
9, 16288, 6128, 1.08931
10, 2144, 3984, 1.05766
11, 318, 3666, 1.06214
12, 44, 3622, 1.03923
13, 3, 3619, 1.04438
0, 0, 4847571, 1.06118
1, 3, 4847568, 1.0223
2, 65, 4847503, 1.0248
3, 3599, 4843904, 1.2497
4, 203845, 4640059, 7.80854
5, 1889350, 2750709, 20.1344
6, 2134890, 615819, 6.81808
7, 535176, 80643, 1.69728
8, 67157, 13486, 1.12848
9, 8350, 5136, 1.084
10, 1238, 3898, 1.0623
11, 244, 3654, 1.05539
12, 31, 3623, 1.06278
13, 4, 3619, 1.05667
0, 0, 4847571, 1.07053
1, 10, 4847561, 1.02186
2, 464, 4847097, 1.04301
3, 21216, 4825881, 1.91574
4, 681708, 4144173, 15.3329
5, 2587248, 1556925, 16.0481
6, 1325879, 231046, 3.21069
7, 199213, 31833, 1.26902
8, 24404, 7429, 1.09587
9, 3221, 4208, 1.06925
10, 482, 3726, 1.05946
11, 102, 3624, 1.05725
12, 4, 3620, 1.05293
13, 1, 3619, 1.06147
0, 0, 4847571, 1.06592
1, 85, 4847486, 1.02771
2, 16267, 4831219, 2.11421
3, 339533, 4491686, 7.23171
4, 1374898, 3116788, 16.7753
5, 2250968, 865820, 9.2736
6, 750327, 115493, 2.00934
7, 98051, 17442, 1.176
8, 11917, 5525, 1.08701
9, 1603, 3922, 1.06778
10, 275, 3647, 1.06221
11, 25, 3622, 1.05283
12, 3, 3619, 1.04512
0, 0, 4847571, 1.06499
1, 9, 4847562, 1.02701
2, 422, 4847140, 1.04819
3, 23278, 4823862, 1.90534
4, 563540, 4260322, 12.1642
5, 2442591, 1817731, 18.4434
6, 1534462, 283269, 3.91373
7, 247000, 36269, 1.3176
8, 28506, 7763, 1.09811
9, 3452, 4311, 1.06976
10, 576, 3735, 1.05677
11, 112, 3623, 1.04006
12, 4, 3619, 1.04522
0, 0, 4847571, 1.17434
1, 1, 4847570, 1.08406
2, 53, 4847517, 1.09069
3, 19487, 4828030, 2.17059
4, 314273, 4513757, 6.72592
5, 1205794, 3307963, 15.9376
6, 2294608, 1013355, 10.492
7, 873196, 140159, 2.26758
8, 119519, 20640, 1.21293
9, 14689, 5951, 1.12355
10, 1966, 3985, 1.11062
11, 305, 3680, 1.09376
12, 58, 3622, 1.09482
13, 3, 3619, 1.09574
0, 0, 4847571, 1.13184
1, 2, 4847569, 1.07034
2, 22, 4847547, 1.05549
3, 1340, 4846207, 1.13661
4, 121391, 4724816, 5.56384
5, 1603728, 3121088, 20.3408
6, 2323635, 797453, 8.78163
7, 691409, 106044, 1.95619
8, 89494, 16550, 1.16691
9, 11111, 5439, 1.10115
10, 1528, 3911, 1.07786
11, 259, 3652, 1.08813
12, 29, 3623, 1.08096
13, 4, 3619, 1.07008
0, 0, 4847571, 1.09094
1, 12, 4847559, 1.03821
2, 292, 4847267, 1.05997
3, 9631, 4837636, 1.44163
4, 391474, 4446162, 10.6989
5, 2425477, 2020685, 20.1534
6, 1707990, 312695, 4.28333
7, 271778, 40917, 1.37248
8, 32218, 8699, 1.11456
9, 4351, 4348, 1.07846
10, 578, 3770, 1.0656
11, 143, 3627, 1.05798
12, 7, 3620, 1.05184
13, 1, 3619, 1.04682
0, 0, 4847571, 1.08733
1, 5, 4847566, 1.04218
2, 116, 4847450, 1.03494
3, 4364, 4843086, 1.28115
4, 268193, 4574893, 8.61632
5, 2125863, 2449030, 20.5669
6, 1973486, 475544, 5.80838
7, 414698, 60846, 1.52464
8, 49842, 11004, 1.12397
9, 6317, 4687, 1.08275
10, 884, 3803, 1.07846
11, 168, 3635, 1.07072
12, 15, 3620, 1.04864
13, 1, 3619, 1.05766
0, 0, 4847571, 1.07802
1, 1, 4847570, 1.03776
2, 276, 4847294, 1.0489
3, 27961, 4819333, 2.3687
4, 810893, 4008440, 16.1384
5, 2448714, 1559726, 14.5153
6, 1310083, 249643, 3.3953
7, 215886, 33757, 1.29274
8, 26260, 7497, 1.0929
9, 3284, 4213, 1.07328
10, 492, 3721, 1.06221
11, 93, 3628, 1.06179
12, 9, 3619, 1.05366
0, 0, 4847571, 1.0871
1, 2, 4847569, 1.01418
2, 335, 4847234, 1.0624
3, 61484, 4785750, 3.38218
4, 1199119, 3586631, 19.3652
5, 2511475, 1075156, 11.3995
6, 924829, 150327, 2.36963
7, 128498, 21829, 1.2105
8, 15729, 6100, 1.09123
9, 2055, 4045, 1.0808
10, 377, 3668, 1.06432
11, 45, 3623, 1.05942
12, 3, 3620, 1.05546
13, 1, 3619, 1.05574
