Reading /data-2/topc-datasets/.soc-LiveJournal1.mtx.ud.0.bin
CPU BFS finished in 693.938965 msec. Search depth is: 12
0, 0, 4847571, 39.0519
1, 94, 4847477, 37.8196
2, 20685, 4826792, 20.7964
3, 650943, 4175849, 4.9089
4, 2469146, 1706703, 1.27725
5, 1426597, 280106, 0.713728
6, 242050, 38056, 0.569696
7, 29908, 8148, 0.555872
8, 3821, 4327, 0.556032
9, 565, 3762, 0.544576
10, 133, 3629, 0.549216
11, 10, 3619, 0.549536

CORRECT
0, 0, 4847571, 39.096
1, 11, 4847560, 39.0537
2, 83, 4847477, 38.98
3, 963, 4846514, 36.2548
4, 77394, 4769120, 13.0637
5, 1350434, 3418686, 2.39197
6, 2557284, 861402, 0.917792
7, 752577, 108825, 0.624896
8, 92444, 16381, 0.557664
9, 10964, 5417, 0.544416
10, 1513, 3904, 0.53664
11, 252, 3652, 0.537568
12, 31, 3621, 0.540288
13, 2, 3619, 0.539616
0, 0, 4847571, 39.076
1, 4, 4847567, 38.942
2, 326, 4847241, 37.8138
3, 26688, 4820553, 22.032
4, 670878, 4149675, 4.87024
5, 2450040, 1699635, 1.25661
6, 1424739, 274896, 0.704736
7, 238732, 36164, 0.57184
8, 28320, 7844, 0.551008
9, 3547, 4297, 0.538816
10, 597, 3700, 0.54128
11, 70, 3630, 0.538464
12, 11, 3619, 0.538336
0, 0, 4847571, 39.1019
1, 1, 4847570, 39.0447
2, 35, 4847535, 38.9706
3, 1768, 4845767, 37.6629
4, 41238, 4804529, 20.7492
5, 804976, 3999553, 3.88595
6, 2655693, 1343860, 1.13818
7, 1159957, 183903, 0.674688
8, 158074, 25829, 0.567008
9, 19070, 6759, 0.548128
10, 2687, 4072, 0.540608
11, 380, 3692, 0.535008
12, 69, 3623, 0.54048
13, 4, 3619, 0.539168
0, 0, 4847571, 39.0706
1, 3, 4847568, 38.9625
2, 23, 4847545, 38.9776
3, 440, 4847105, 38.0482
4, 26907, 4820198, 20.9668
5, 771222, 4048976, 4.14979
6, 2578807, 1470169, 1.1456
7, 1257311, 212858, 0.677408
8, 183500, 29358, 0.561472
9, 22372, 6986, 0.543392
10, 2842, 4144, 0.537856
11, 441, 3703, 0.53456
12, 77, 3626, 0.534336
13, 7, 3619, 0.535328
0, 0, 4847571, 39.0331
1, 4, 4847567, 39.0225
2, 119, 4847448, 38.9004
3, 4913, 4842535, 32.0918
4, 220833, 4621702, 7.36346
5, 2127432, 2494270, 1.63658
6, 2052738, 441532, 0.783968
7, 384937, 56595, 0.581472
8, 46010, 10585, 0.553248
9, 6019, 4566, 0.54336
10, 771, 3795, 0.53792
11, 167, 3628, 0.534304
12, 8, 3620, 0.53264
13, 1, 3619, 0.531232
0, 0, 4847571, 39.0291
1, 3, 4847568, 39.0897
2, 12, 4847556, 39.0407
3, 125, 4847431, 38.9658
4, 2704, 4844727, 36.196
5, 104759, 4739968, 12.0607
6, 1554408, 3185560, 2.09414
7, 2491347, 694213, 0.892256
8, 609332, 84881, 0.619776
9, 70889, 13992, 0.55184
10, 8897, 5095, 0.54416
11, 1237, 3858, 0.534944
12, 213, 3645, 0.532288
13, 23, 3622, 0.5344
14, 3, 3619, 0.537184
0, 0, 4847571, 39.0784
1, 11, 4847560, 39.0159
2, 95, 4847465, 38.8721
3, 4092, 4843373, 35.1595
4, 183595, 4659778, 10.5346
5, 1823768, 2836010, 1.83181
6, 2279513, 556497, 0.83472
7, 490907, 65590, 0.60448
8, 53849, 11741, 0.551136
9, 6944, 4797, 0.547168
10, 982, 3815, 0.537568
11, 174, 3641, 0.53872
12, 20, 3621, 0.539136
13, 2, 3619, 0.5384
0, 0, 4847571, 39.0485
1, 1, 4847570, 39.0988
2, 7, 4847563, 38.6558
3, 1956, 4845607, 31.8344
4, 177975, 4667632, 15.1491
5, 1095405, 3572227, 3.43712
6, 2348563, 1223664, 1.06163
7, 1042749, 180915, 0.66416
8, 155366, 25549, 0.565344
9, 19044, 6505, 0.54448
10, 2466, 4039, 0.537792
11, 363, 3676, 0.539584
12, 53, 3623, 0.538464
13, 4, 3619, 0.53904
0, 0, 4847571, 39.0684
1, 36, 4847535, 39.0456
2, 739, 4846796, 37.7904
3, 42729, 4804067, 19.1192
4, 989348, 3814719, 3.0305
5, 2674541, 1140178, 1.01978
6, 995511, 144667, 0.654688
7, 123678, 20989, 0.55984
8, 14931, 6058, 0.552288
9, 2075, 3983, 0.538656
10, 324, 3659, 0.53616
11, 36, 3623, 0.535712
12, 3, 3620, 0.536896
13, 1, 3619, 0.538528
0, 0, 4847571, 39.043
1, 1, 4847570, 39.0055
2, 50, 4847520, 38.9986
3, 1893, 4845627, 36.1791
4, 117223, 4728404, 12.9489
5, 1554288, 3174116, 2.02765
6, 2484696, 689420, 0.87216
7, 609465, 79955, 0.615456
8, 66787, 13168, 0.554368
9, 8182, 4986, 0.545696
10, 1143, 3843, 0.53424
11, 202, 3641, 0.53408
12, 19, 3622, 0.534528
13, 3, 3619, 0.535008
0, 0, 4847571, 39.1517
1, 3, 4847568, 39.0109
2, 57, 4847511, 38.9962
3, 789, 4846722, 38.1485
4, 25293, 4821429, 23.2903
5, 695747, 4125682, 4.29968
6, 2592323, 1533359, 1.21158
7, 1314555, 218804, 0.691616
8, 188359, 30445, 0.577088
9, 23237, 7208, 0.549568
10, 2983, 4225, 0.546016
11, 493, 3732, 0.537216
12, 105, 3627, 0.540032
13, 7, 3620, 0.536032
14, 1, 3619, 0.53952
0, 0, 4847571, 39.0862
1, 9, 4847562, 38.6402
2, 2901, 4844661, 32.2703
3, 187380, 4657281, 19.23
4, 788000, 3869281, 4.67869
5, 2218702, 1650579, 1.2367
6, 1374020, 276559, 0.7152
7, 239781, 36778, 0.594304
8, 28835, 7943, 0.553408
9, 3644, 4299, 0.539776
10, 579, 3720, 0.536768
11, 88, 3632, 0.533376
12, 10, 3622, 0.53456
13, 3, 3619, 0.535776
0, 0, 4847571, 39.1058
1, 53, 4847518, 37.7396
2, 9121, 4838397, 30.675
3, 292491, 4545906, 14.1957
4, 1114434, 3431472, 3.06627
5, 2300587, 1130885, 1.00118
6, 969355, 161530, 0.649984
7, 138561, 22969, 0.566496
8, 16805, 6164, 0.545408
9, 2145, 4019, 0.540384
10, 337, 3682, 0.537312
11, 60, 3622, 0.536192
12, 3, 3619, 0.538976
0, 0, 4847571, 39.1202
1, 8, 4847563, 39.0277
2, 696, 4846867, 37.6484
3, 44000, 4802867, 17.1193
4, 992178, 3810689, 3.31731
5, 2608202, 1202487, 1.06787
6, 1035199, 167288, 0.657088
7, 142921, 24367, 0.561184
8, 17944, 6423, 0.545664
9, 2360, 4063, 0.534784
10, 387, 3676, 0.533344
11, 51, 3625, 0.534784
12, 5, 3620, 0.532832
13, 1, 3619, 0.535968
0, 0, 4847571, 39.0732
1, 3, 4847568, 39.0486
2, 18, 4847550, 39.0066
3, 485, 4847065, 37.9467
4, 31976, 4815089, 19.9151
5, 884424, 3930665, 3.30723
6, 2689680, 1240985, 1.06291
7, 1079103, 161882, 0.65424
8, 138601, 23281, 0.56288
9, 16978, 6303, 0.54896
10, 2246, 4057, 0.544352
11, 370, 3687, 0.53808
12, 64, 3623, 0.539648
13, 3, 3620, 0.536832
14, 1, 3619, 0.53808
0, 0, 4847571, 39.1545
1, 8, 4847563, 39.0432
2, 106, 4847457, 38.8344
3, 6290, 4841167, 34.3336
4, 274923, 4566244, 7.26256
5, 2178809, 2387435, 1.5345
6, 1978238, 409197, 0.777984
7, 357531, 51666, 0.591616
8, 41706, 9960, 0.55296
9, 5335, 4625, 0.5408
10, 849, 3776, 0.539136
11, 143, 3633, 0.538656
12, 12, 3621, 0.541376
13, 2, 3619, 0.532864
0, 0, 4847571, 39.0977
1, 11, 4847560, 38.9913
2, 53, 4847507, 39.0365
3, 100, 4847407, 38.8278
4, 4885, 4842522, 30.5667
5, 263325, 4579197, 7.31568
6, 2152232, 2426965, 1.59114
7, 1972054, 454911, 0.793184
8, 397686, 57225, 0.598304
9, 46779, 10446, 0.549792
10, 5809, 4637, 0.541632
11, 853, 3784, 0.536384
12, 154, 3630, 0.534176
13, 9, 3621, 0.538688
14, 2, 3619, 0.541536
0, 0, 4847571, 39.0719
1, 21, 4847550, 39.0709
2, 870, 4846680, 35.3861
3, 84816, 4761864, 11.587
4, 1492071, 3269793, 2.32685
5, 2464691, 805102, 0.896864
6, 699873, 105229, 0.617088
7, 88752, 16477, 0.554336
8, 11090, 5387, 0.547616
9, 1476, 3911, 0.539168
10, 260, 3651, 0.536416
11, 30, 3621, 0.540128
12, 2, 3619, 0.53904
0, 0, 4847571, 39.0579
1, 22, 4847549, 38.9012
2, 1369, 4846180, 32.9443
3, 151098, 4695082, 21.1906
4, 683578, 4011504, 5.02202
5, 2185572, 1825932, 1.3191
6, 1511211, 314721, 0.734944
7, 273145, 41576, 0.587168
8, 33005, 8571, 0.545984
9, 4195, 4376, 0.539552
10, 630, 3746, 0.536224
11, 117, 3629, 0.53424
12, 9, 3620, 0.537792
13, 1, 3619, 0.533568
0, 0, 4847571, 39.1813
1, 3, 4847568, 38.9893
2, 20, 4847548, 38.8842
3, 1050, 4846498, 33.5105
4, 120296, 4726202, 23.9754
5, 550477, 4175725, 6.64138
6, 1943165, 2232560, 1.54461
7, 1790349, 442211, 0.782656
8, 385572, 56639, 0.603136
9, 46156, 10483, 0.55024
10, 5810, 4673, 0.544736
11, 860, 3813, 0.53552
12, 183, 3630, 0.538976
13, 9, 3621, 0.539104
14, 2, 3619, 0.538848
0, 0, 4847571, 39.1063
1, 2, 4847569, 39.0405
2, 50, 4847519, 39.0064
3, 1162, 4846357, 34.2374
4, 117885, 4728472, 10.7922
5, 1663009, 3065463, 2.14451
6, 2348701, 716762, 0.881056
7, 623350, 93412, 0.618496
8, 78499, 14913, 0.558784
9, 9680, 5233, 0.546944
10, 1353, 3880, 0.540992
11, 230, 3650, 0.542048
12, 28, 3622, 0.538528
13, 3, 3619, 0.535616
0, 0, 4847571, 39.0627
1, 3, 4847568, 38.9892
2, 101, 4847467, 38.945
3, 1742, 4845725, 36.9792
4, 86233, 4759492, 13.0206
5, 1434734, 3324758, 2.51805
6, 2520127, 804631, 0.942944
7, 703165, 101466, 0.61888
8, 85301, 16165, 0.557472
9, 10707, 5458, 0.55344
10, 1524, 3934, 0.54032
11, 275, 3659, 0.539968
12, 36, 3623, 0.53936
13, 4, 3619, 0.537728
0, 0, 4847571, 39.0547
1, 1, 4847570, 39.0145
2, 37, 4847533, 38.7097
3, 4759, 4842774, 35.2653
4, 194433, 4648341, 10.4989
5, 1725404, 2922937, 1.9463
6, 2268814, 654123, 0.847264
7, 573048, 81075, 0.611072
8, 67932, 13143, 0.554144
9, 8135, 5008, 0.543552
10, 1158, 3850, 0.547232
11, 208, 3642, 0.539296
12, 20, 3622, 0.53808
13, 3, 3619, 0.536864
0, 0, 4847571, 39.1335
1, 1, 4847570, 39.0981
2, 92, 4847478, 38.8607
3, 2857, 4844621, 36.4905
4, 126185, 4718436, 12.9198
5, 1560335, 3158101, 2.2008
6, 2461240, 696861, 0.931936
7, 614132, 82729, 0.647264
8, 68932, 13797, 0.586752
9, 8717, 5080, 0.578016
10, 1214, 3866, 0.576064
11, 224, 3642, 0.566112
12, 21, 3621, 0.567296
13, 2, 3619, 0.56528
0, 0, 4847571, 39.1293
1, 1, 4847570, 39.0323
2, 121, 4847449, 38.7396
3, 6491, 4840958, 28.7784
4, 354503, 4486455, 6.0216
5, 2374092, 2112363, 1.41331
6, 1767029, 345334, 0.740608
7, 301080, 44254, 0.57632
8, 35458, 8796, 0.556032
9, 4397, 4399, 0.55056
10, 644, 3755, 0.544128
11, 126, 3629, 0.538144
12, 9, 3620, 0.543616
13, 1, 3619, 0.542112
0, 0, 4847571, 39.1441
1, 2, 4847569, 39.0767
2, 112, 4847457, 37.3872
3, 29050, 4818407, 17.215
4, 886674, 3931733, 3.7289
5, 2592195, 1339538, 1.12989
6, 1142012, 197526, 0.686272
7, 169888, 27638, 0.57904
8, 20651, 6987, 0.548096
9, 2827, 4160, 0.540352
10, 453, 3707, 0.542016
11, 84, 3623, 0.544
12, 3, 3620, 0.535488
13, 1, 3619, 0.536928
0, 0, 4847571, 39.1231
1, 1, 4847570, 39.0219
2, 14, 4847556, 39.0387
3, 232, 4847324, 38.8668
4, 5663, 4841661, 31.7056
5, 238792, 4602869, 7.35206
6, 2111507, 2491362, 1.63974
7, 2051182, 440180, 0.803008
8, 384134, 56046, 0.60176
9, 45560, 10486, 0.559264
10, 5827, 4659, 0.549792
11, 841, 3818, 0.543392
12, 174, 3644, 0.542976
13, 23, 3621, 0.54304
14, 2, 3619, 0.546272
0, 0, 4847571, 39.0033
1, 1, 4847570, 39.0595
2, 13, 4847557, 39.1159
3, 438, 4847119, 38.6659
4, 8991, 4838128, 26.3787
5, 363366, 4474762, 6.71798
6, 2253490, 2221272, 1.5273
7, 1816899, 404373, 0.762912
8, 352214, 52159, 0.583616
9, 42264, 9895, 0.559264
10, 5349, 4546, 0.548704
11, 764, 3782, 0.545376
12, 154, 3628, 0.539616
13, 7, 3621, 0.54112
14, 2, 3619, 0.54064
0, 0, 4847571, 39.0802
1, 1, 4847570, 38.9975
2, 49, 4847521, 38.9394
3, 1736, 4845785, 36.1521
4, 91244, 4754541, 12.2434
5, 1481064, 3273477, 2.25312
6, 2524385, 749092, 0.90912
7, 656389, 92703, 0.614976
8, 77587, 15116, 0.550304
9, 9822, 5294, 0.543904
10, 1383, 3911, 0.540576
11, 235, 3676, 0.53872
12, 54, 3622, 0.533472
13, 3, 3619, 0.533184
0, 0, 4847571, 39.0363
1, 149, 4847422, 38.9958
2, 3286, 4844136, 37.059
3, 72636, 4771500, 16.4361
4, 1172488, 3599012, 2.6697
5, 2634766, 964246, 0.972864
6, 845344, 118902, 0.640672
7, 100808, 18094, 0.560032
8, 12414, 5680, 0.551616
9, 1722, 3958, 0.536704
10, 308, 3650, 0.538176
11, 29, 3621, 0.538208
12, 2, 3619, 0.5408
0, 0, 4847571, 39.0781
1, 4, 4847567, 39.0525
2, 177, 4847390, 38.5184
3, 12494, 4834896, 28.0536
4, 437402, 4397494, 5.32688
5, 2447640, 1949854, 1.29635
6, 1661584, 288270, 0.733536
7, 251418, 36852, 0.585856
8, 28813, 8039, 0.548256
9, 3743, 4296, 0.54256
10, 578, 3718, 0.541728
11, 94, 3624, 0.541216
12, 4, 3620, 0.538688
13, 1, 3619, 0.536768
0, 0, 4847571, 39.0396
1, 2, 4847569, 39.0133
2, 107, 4847462, 38.7123
3, 6655, 4840807, 33.8163
4, 250796, 4590011, 7.23152
5, 2125213, 2464798, 1.65843
6, 2011954, 452844, 0.79264
7, 395090, 57754, 0.59312
8, 46961, 10793, 0.553344
9, 6066, 4727, 0.54464
10, 916, 3811, 0.537792
11, 175, 3636, 0.538816
12, 15, 3621, 0.534752
13, 2, 3619, 0.543488
0, 0, 4847571, 39.0478
1, 8, 4847563, 38.4735
2, 20896, 4826667, 31.9832
3, 228525, 4598142, 16.87
4, 904675, 3693467, 3.57885
5, 2347291, 1346176, 1.09018
6, 1148066, 198110, 0.672224
7, 170357, 27753, 0.569696
8, 20860, 6893, 0.547456
9, 2763, 4130, 0.540064
10, 423, 3707, 0.538176
11, 83, 3624, 0.537312
12, 4, 3620, 0.538336
13, 1, 3619, 0.538496
0, 0, 4847571, 39.065
1, 1, 4847570, 39.008
2, 72, 4847498, 38.9674
3, 2032, 4845466, 35.4505
4, 105221, 4740245, 10.6126
5, 1649915, 3090330, 2.06832
6, 2407030, 683300, 0.877312
7, 597094, 86206, 0.612384
8, 72135, 14071, 0.55024
9, 8901, 5170, 0.547296
10, 1296, 3874, 0.534208
11, 227, 3647, 0.534016
12, 25, 3622, 0.534528
13, 3, 3619, 0.541088
0, 0, 4847571, 39.0672
1, 1, 4847570, 39.0226
2, 19, 4847551, 39.1018
3, 300, 4847251, 37.6209
4, 41057, 4806194, 20.5096
5, 901673, 3904521, 3.09245
6, 2672908, 1231613, 1.0264
7, 1075090, 156523, 0.653632
8, 134736, 21787, 0.561408
9, 15732, 6055, 0.547296
10, 2049, 4006, 0.53648
11, 350, 3656, 0.537696
12, 36, 3620, 0.539648
13, 1, 3619, 0.534624
0, 0, 4847571, 39.0797
1, 1, 4847570, 39.0463
2, 5, 4847565, 39.0033
3, 67, 4847498, 38.9524
4, 2156, 4845342, 36.546
5, 101783, 4743559, 12.6198
6, 1563444, 3180115, 2.14861
7, 2463644, 716471, 0.890592
8, 628929, 87542, 0.615968
9, 73093, 14449, 0.557568
10, 9221, 5228, 0.547296
11, 1314, 3914, 0.540768
12, 270, 3644, 0.539648
13, 24, 3620, 0.53648
14, 1, 3619, 0.537632
0, 0, 4847571, 39.1238
1, 1, 4847570, 39.0034
2, 46, 4847524, 38.9487
3, 1403, 4846121, 34.8112
4, 111995, 4734126, 11.6238
5, 1568222, 3165904, 2.32947
6, 2368482, 797422, 0.903936
7, 692677, 104745, 0.626848
8, 88560, 16185, 0.560576
9, 10765, 5420, 0.54016
10, 1529, 3891, 0.540448
11, 242, 3649, 0.537568
12, 27, 3622, 0.539808
13, 3, 3619, 0.535488
0, 0, 4847571, 39.0108
1, 3, 4847568, 38.9808
2, 334, 4847234, 38.1268
3, 22770, 4824464, 24.65
4, 635758, 4188706, 4.07574
5, 2611032, 1577674, 1.144
6, 1363314, 214360, 0.681856
7, 186250, 28110, 0.563552
8, 21221, 6889, 0.548192
9, 2786, 4103, 0.540192
10, 428, 3675, 0.537152
11, 53, 3622, 0.534272
12, 3, 3619, 0.534656
0, 0, 4847571, 39.1092
1, 3, 4847568, 39.0343
2, 29, 4847539, 38.9965
3, 1116, 4846423, 37.063
4, 64630, 4781793, 13.9058
5, 1227052, 3554741, 2.80317
6, 2552248, 1002493, 0.97776
7, 866588, 135905, 0.642976
8, 115511, 20394, 0.558944
9, 14410, 5984, 0.549504
10, 2015, 3969, 0.542304
11, 308, 3661, 0.546368
12, 40, 3621, 0.540384
13, 2, 3619, 0.5368
0, 0, 4847571, 39.1133
1, 6, 4847565, 39.0922
2, 16, 4847549, 39.0706
3, 200, 4847349, 38.4421
4, 11699, 4835650, 23.0537
5, 564495, 4271155, 4.84874
6, 2540571, 1730584, 1.2343
7, 1462685, 267899, 0.70064
8, 232605, 35294, 0.574656
9, 27519, 7775, 0.544416
10, 3477, 4298, 0.539104
11, 564, 3734, 0.53312
12, 109, 3625, 0.540352
13, 4, 3621, 0.548
14, 2, 3619, 0.53344
0, 0, 4847571, 39.0594
1, 2, 4847569, 38.9869
2, 1, 4847568, 39.0109
3, 19, 4847549, 38.8772
4, 6429, 4841120, 33.1964
5, 211475, 4629645, 8.29091
6, 1928719, 2700926, 1.65466
7, 2193228, 507698, 0.805216
8, 445738, 61960, 0.60368
9, 51017, 10943, 0.553504
10, 6214, 4729, 0.53744
11, 945, 3784, 0.537344
12, 147, 3637, 0.54192
13, 16, 3621, 0.538464
14, 2, 3619, 0.541792
0, 0, 4847571, 39.0399
1, 49, 4847522, 38.9487
2, 1506, 4846016, 35.2802
3, 108105, 4737911, 12.0535
4, 1535444, 3202467, 2.32016
5, 2399446, 803021, 0.922112
6, 698060, 104961, 0.628288
7, 88623, 16338, 0.559168
8, 10903, 5435, 0.543424
9, 1546, 3889, 0.540736
10, 251, 3638, 0.538304
11, 16, 3622, 0.538304
12, 3, 3619, 0.53968
0, 0, 4847571, 39.0922
1, 11, 4847560, 39.0132
2, 94, 4847466, 38.9162
3, 2457, 4845009, 33.4209
4, 146817, 4698192, 10.1132
5, 1715359, 2982833, 2.22554
6, 2272241, 710592, 0.885408
7, 617313, 93279, 0.623072
8, 78045, 15234, 0.559072
9, 10013, 5221, 0.544448
10, 1333, 3888, 0.540416
11, 242, 3646, 0.535968
12, 24, 3622, 0.539264
13, 3, 3619, 0.535232
0, 0, 4847571, 39.0866
1, 1, 4847570, 39.0571
2, 17, 4847553, 39.0777
3, 347, 4847206, 38.616
4, 13923, 4833283, 27.1819
5, 487926, 4345357, 5.21331
6, 2508583, 1836774, 1.31152
7, 1562528, 274246, 0.732
8, 237581, 36665, 0.58704
9, 28394, 8271, 0.552672
10, 3891, 4380, 0.543168
11, 644, 3736, 0.535712
12, 109, 3627, 0.538272
13, 7, 3620, 0.536352
14, 1, 3619, 0.540128
0, 0, 4847571, 39.0964
1, 10, 4847561, 39.0282
2, 177, 4847384, 38.348
3, 21976, 4825408, 25.2099
4, 599905, 4225503, 4.17414
5, 2588550, 1636953, 1.16493
6, 1407535, 229418, 0.702336
7, 198796, 30622, 0.5832
8, 23404, 7218, 0.551872
9, 3022, 4196, 0.539648
10, 526, 3670, 0.538336
11, 48, 3622, 0.538816
12, 3, 3619, 0.535392
0, 0, 4847571, 39.1123
1, 15, 4847556, 38.9823
2, 284, 4847272, 38.2968
3, 18345, 4828927, 22.2531
4, 614992, 4213935, 4.26995
5, 2572007, 1641928, 1.18333
6, 1398232, 243696, 0.691712
7, 210972, 32724, 0.575552
8, 25355, 7369, 0.550784
9, 3170, 4199, 0.539872
10, 509, 3690, 0.5408
11, 68, 3622, 0.533792
12, 3, 3619, 0.536448
0, 0, 4847571, 39.1276
1, 5, 4847566, 39.0457
2, 47, 4847519, 38.8603
3, 3105, 4844414, 30.574
4, 210181, 4634233, 9.32538
5, 1886329, 2747904, 1.97373
6, 2118825, 629079, 0.854336
7, 547004, 82075, 0.61536
8, 68516, 13559, 0.56304
9, 8464, 5095, 0.558048
10, 1185, 3910, 0.547456
11, 261, 3649, 0.543104
12, 27, 3622, 0.552224
13, 3, 3619, 0.546464
0, 0, 4847571, 39.0433
1, 4, 4847567, 38.9708
2, 87, 4847480, 38.9042
3, 3062, 4844418, 32.1669
4, 201080, 4643338, 8.26614
5, 1995928, 2647410, 1.71014
6, 2125507, 521903, 0.804096
7, 455721, 66182, 0.590496
8, 54750, 11432, 0.556576
9, 6721, 4711, 0.548288
10, 905, 3806, 0.545824
11, 175, 3631, 0.540768
12, 10, 3621, 0.543968
13, 2, 3619, 0.544288
0, 0, 4847571, 39.0835
1, 21, 4847550, 38.8991
2, 4935, 4842615, 35.8773
3, 141299, 4701316, 10.4721
4, 1722360, 2978956, 2.03962
5, 2366951, 612005, 0.868576
6, 536678, 75327, 0.612544
7, 62137, 13190, 0.560864
8, 8119, 5071, 0.548032
9, 1245, 3826, 0.544928
10, 194, 3632, 0.54256
11, 11, 3621, 0.53632
12, 2, 3619, 0.542112
0, 0, 4847571, 39.0175
1, 7, 4847564, 39.0088
2, 331, 4847233, 38.5488
3, 17701, 4829532, 25.5644
4, 545891, 4283641, 4.79046
5, 2589646, 1693995, 1.25786
6, 1449410, 244585, 0.718304
7, 211246, 33339, 0.590816
8, 25607, 7732, 0.557056
9, 3499, 4233, 0.5496
10, 528, 3705, 0.541216
11, 81, 3624, 0.542752
12, 5, 3619, 0.544448
0, 0, 4847571, 39.1041
1, 2, 4847569, 39.0986
2, 122, 4847447, 38.2421
3, 13562, 4833885, 24.4104
4, 520818, 4313067, 5.40349
5, 2433000, 1880067, 1.36298
6, 1568479, 311588, 0.739776
7, 270216, 41372, 0.593856
8, 32876, 8496, 0.567552
9, 4127, 4369, 0.560672
10, 624, 3745, 0.55984
11, 119, 3626, 0.562176
12, 6, 3620, 0.557088
13, 1, 3619, 0.558144
0, 0, 4847571, 39.0435
1, 13, 4847558, 39.0427
2, 868, 4846690, 38.1949
3, 30283, 4816407, 22.5444
4, 741204, 4075203, 3.86627
5, 2663696, 1411507, 1.16138
6, 1223072, 188435, 0.689088
7, 162049, 26386, 0.574112
8, 19679, 6707, 0.561408
9, 2598, 4109, 0.558592
10, 383, 3726, 0.553792
11, 102, 3624, 0.55376
12, 5, 3619, 0.5464
0, 0, 4847571, 39.1226
1, 14, 4847557, 39.008
2, 383, 4847174, 38.6237
3, 14230, 4832944, 25.9492
4, 496968, 4335976, 4.94387
5, 2512576, 1823400, 1.2727
6, 1548008, 275392, 0.719968
7, 239435, 35957, 0.5864
8, 28162, 7795, 0.570976
9, 3517, 4278, 0.555584
10, 553, 3725, 0.547744
11, 100, 3625, 0.549728
12, 6, 3619, 0.55616
0, 0, 4847571, 39.312
1, 8, 4847563, 39.0635
2, 99, 4847464, 38.78
3, 5180, 4842284, 30.4078
4, 232304, 4609980, 8.41152
5, 2026845, 2583135, 1.74611
6, 2059845, 523290, 0.824064
7, 456373, 66917, 0.615776
8, 55319, 11598, 0.574048
9, 6773, 4825, 0.56128
10, 989, 3836, 0.555872
11, 206, 3630, 0.553184
12, 9, 3621, 0.548608
13, 2, 3619, 0.550944
0, 0, 4847571, 39.0255
1, 1, 4847570, 39.0434
2, 13, 4847557, 39.1265
3, 18, 4847539, 39.0383
4, 620, 4846919, 37.0437
5, 67961, 4778958, 17.0476
6, 1164764, 3614194, 2.61414
7, 2603184, 1011010, 0.96816
8, 885720, 125290, 0.64304
9, 107116, 18174, 0.560736
10, 12596, 5578, 0.551968
11, 1644, 3934, 0.544192
12, 287, 3647, 0.547712
13, 25, 3622, 0.541664
14, 3, 3619, 0.547296
0, 0, 4847571, 39.0766
1, 2, 4847569, 39.0109
2, 46, 4847523, 38.9896
3, 1073, 4846450, 37.8383
4, 50140, 4796310, 17.3204
5, 1067680, 3728630, 2.8025
6, 2687163, 1041467, 1.01568
7, 909722, 131745, 0.644736
8, 111651, 20094, 0.561888
9, 14095, 5999, 0.553248
10, 2016, 3983, 0.54208
11, 319, 3664, 0.539168
12, 43, 3621, 0.536256
13, 2, 3619, 0.53744
0, 0, 4847571, 39.0857
1, 1, 4847570, 39.0355
2, 50, 4847520, 38.4894
3, 16922, 4830598, 28.2966
4, 487407, 4343191, 5.3745
5, 2405154, 1938037, 1.28842
6, 1644016, 294021, 0.734816
7, 256837, 37184, 0.591488
8, 29289, 7895, 0.555392
9, 3616, 4279, 0.542976
10, 575, 3704, 0.5456
11, 77, 3627, 0.5432
12, 8, 3619, 0.543072
0, 0, 4847571, 39.0407
1, 66, 4847505, 39.0628
2, 538, 4846967, 38.7243
3, 12338, 4834629, 30.59
4, 354264, 4480365, 6.14109
5, 2379252, 2101113, 1.41667
6, 1778900, 322213, 0.755936
7, 281234, 40979, 0.58784
8, 32335, 8644, 0.553216
9, 4288, 4356, 0.548896
10, 560, 3796, 0.537792
11, 170, 3626, 0.539616
12, 7, 3619, 0.540096
0, 0, 4847571, 39.0625
1, 6, 4847565, 39.0556
2, 16, 4847549, 39.0079
3, 1392, 4846157, 37.056
4, 89608, 4756549, 13.1702
5, 1373826, 3382723, 2.26138
6, 2556744, 825979, 0.905024
7, 723574, 102405, 0.625184
8, 86741, 15664, 0.5584
9, 10377, 5287, 0.5464
10, 1387, 3900, 0.536064
11, 258, 3642, 0.538176
12, 21, 3621, 0.54048
13, 2, 3619, 0.538368
0, 0, 4847571, 39.0665
1, 10, 4847561, 38.9841
2, 573, 4846988, 37.3092
3, 50461, 4796527, 17.1883
4, 1053830, 3742697, 3.36925
5, 2622498, 1120199, 1.0479
6, 973074, 147125, 0.650208
7, 125287, 21838, 0.55856
8, 15613, 6225, 0.544544
9, 2195, 4030, 0.53808
10, 345, 3685, 0.542016
11, 60, 3625, 0.537024
12, 6, 3619, 0.536928
0, 0, 4847571, 39.1335
1, 34, 4847537, 38.8692
2, 4575, 4842962, 34.5551
3, 204981, 4637981, 8.47008
4, 1944349, 2693632, 1.87043
5, 2144486, 549146, 0.82352
6, 478007, 71139, 0.603296
7, 58902, 12237, 0.553344
8, 7340, 4897, 0.542528
9, 1107, 3790, 0.534464
10, 155, 3635, 0.53408
11, 14, 3621, 0.537728
12, 2, 3619, 0.537472
0, 0, 4847571, 39.0386
1, 100, 4847471, 37.5265
2, 15777, 4831694, 29.3035
3, 328896, 4502798, 11.2942
4, 1386947, 3115851, 2.47405
5, 2258401, 857450, 0.917728
6, 742732, 114718, 0.625984
7, 97328, 17390, 0.552064
8, 11814, 5576, 0.54496
9, 1635, 3941, 0.538112
10, 269, 3672, 0.535456
11, 49, 3623, 0.53456
12, 3, 3620, 0.543616
13, 1, 3619, 0.53664
0, 0, 4847571, 39.0691
1, 1, 4847570, 39.0521
2, 26, 4847544, 38.9863
3, 288, 4847256, 38.558
4, 11945, 4835311, 27.4011
5, 434815, 4400496, 5.36547
6, 2489412, 1911084, 1.34675
7, 1621851, 289233, 0.724832
8, 250792, 38441, 0.572224
9, 30122, 8319, 0.548608
10, 3990, 4329, 0.536096
11, 601, 3728, 0.53392
12, 101, 3627, 0.534848
13, 8, 3619, 0.53152
0, 0, 4847571, 39.0496
1, 9, 4847562, 39.0804
2, 190, 4847372, 38.6448
3, 9697, 4837675, 27.7309
4, 428663, 4409012, 5.64096
5, 2436851, 1972161, 1.35654
6, 1657549, 314612, 0.731104
7, 273414, 41198, 0.582656
8, 32522, 8676, 0.549312
9, 4250, 4426, 0.540544
10, 680, 3746, 0.541952
11, 122, 3624, 0.535968
12, 4, 3620, 0.539072
13, 1, 3619, 0.54096
0, 0, 4847571, 39.123
1, 3, 4847568, 38.9949
2, 86, 4847482, 38.8842
3, 3799, 4843683, 34.5778
4, 206684, 4636999, 8.08576
5, 2016623, 2620376, 1.65043
6, 2139511, 480865, 0.803808
7, 421344, 59521, 0.60048
8, 48729, 10792, 0.554304
9, 6097, 4695, 0.5488
10, 885, 3810, 0.537312
11, 179, 3631, 0.537888
12, 10, 3621, 0.537728
13, 2, 3619, 0.539488
0, 0, 4847571, 39.0459
1, 34, 4847537, 38.8446
2, 2173, 4845364, 33.1298
3, 147772, 4697592, 20.7333
4, 709359, 3988233, 4.82262
5, 2238816, 1749417, 1.27565
6, 1457450, 291967, 0.724864
7, 252938, 39029, 0.589344
8, 30906, 8123, 0.546656
9, 3775, 4348, 0.53584
10, 627, 3721, 0.534976
11, 92, 3629, 0.536192
12, 9, 3620, 0.53328
13, 1, 3619, 0.53376
0, 0, 4847571, 39.0419
1, 2, 4847569, 39.0121
2, 130, 4847439, 38.6685
3, 8218, 4839221, 29.6156
4, 356918, 4482303, 6.06845
5, 2325069, 2157234, 1.38589
6, 1809007, 348227, 0.738432
7, 304304, 43923, 0.572064
8, 35202, 8721, 0.550496
9, 4279, 4442, 0.547072
10, 674, 3768, 0.537504
11, 138, 3630, 0.537152
12, 10, 3620, 0.537728
13, 1, 3619, 0.541088
0, 0, 4847571, 39.162
1, 97, 4847474, 38.4718
2, 11614, 4835860, 28.5452
3, 372672, 4463188, 7.61866
4, 2113110, 2350078, 1.62771
5, 1889400, 460678, 0.802816
6, 401890, 58788, 0.612448
7, 48239, 10549, 0.561568
8, 5889, 4660, 0.560288
9, 855, 3805, 0.558272
10, 173, 3632, 0.548736
11, 12, 3620, 0.549952
12, 1, 3619, 0.5504
0, 0, 4847571, 39.1189
1, 30, 4847541, 39.0433
2, 886, 4846655, 38.4613
3, 21235, 4825420, 23.6952
4, 652183, 4173237, 4.23626
5, 2658040, 1515197, 1.19542
6, 1305798, 209399, 0.692032
7, 179994, 29405, 0.572608
8, 22360, 7045, 0.553024
9, 2899, 4146, 0.546368
10, 441, 3705, 0.544832
11, 82, 3623, 0.54752
12, 4, 3619, 0.545536
0, 0, 4847571, 39.0638
1, 21, 4847550, 39.1334
2, 91, 4847459, 38.7286
3, 6851, 4840608, 27.3695
4, 364388, 4476220, 6.18218
5, 2331912, 2144308, 1.46672
6, 1767615, 376693, 0.756736
7, 327552, 49141, 0.588928
8, 39586, 9555, 0.564928
9, 5041, 4514, 0.551328
10, 716, 3798, 0.54896
11, 163, 3635, 0.548928
12, 15, 3620, 0.550688
13, 1, 3619, 0.548512
0, 0, 4847571, 39.0882
1, 7, 4847564, 38.9803
2, 282, 4847282, 38.0533
3, 21456, 4825826, 25.9547
4, 566495, 4259331, 4.53635
5, 2541673, 1717658, 1.1935
6, 1469694, 247964, 0.717856
7, 215608, 32356, 0.588576
8, 24839, 7517, 0.5472
9, 3277, 4240, 0.541504
10, 556, 3684, 0.541376
11, 59, 3625, 0.53776
12, 5, 3620, 0.535584
13, 1, 3619, 0.538944
0, 0, 4847571, 39.1059
1, 37, 4847534, 38.9643
2, 2509, 4845025, 33.7391
3, 147711, 4697314, 9.39162
4, 1796187, 2901127, 2.00435
5, 2280181, 620946, 0.863232
6, 540814, 80132, 0.61632
7, 66666, 13466, 0.557856
8, 8442, 5024, 0.551264
9, 1150, 3874, 0.549792
10, 224, 3650, 0.543328
11, 29, 3621, 0.5416
12, 2, 3619, 0.544576
0, 0, 4847571, 39.0784
1, 2, 4847569, 39.0374
2, 179, 4847390, 38.5666
3, 9252, 4838138, 26.9661
4, 413973, 4424165, 6.38266
5, 2314533, 2109632, 1.45645
6, 1736552, 373080, 0.745536
7, 324706, 48374, 0.578048
8, 38746, 9628, 0.5496
9, 5133, 4495, 0.548768
10, 700, 3795, 0.538464
11, 161, 3634, 0.541024
12, 12, 3622, 0.541408
13, 3, 3619, 0.543776
0, 0, 4847571, 39.0921
1, 41, 4847530, 38.7777
2, 6329, 4841201, 32.3178
3, 244248, 4596953, 7.29152
4, 2093788, 2503165, 1.56845
5, 2062213, 440952, 0.786432
6, 385924, 55028, 0.601792
7, 44914, 10114, 0.557984
8, 5502, 4612, 0.554048
9, 837, 3775, 0.536384
10, 149, 3626, 0.547232
11, 5, 3621, 0.543968
12, 2, 3619, 0.548
0, 0, 4847571, 39.1038
1, 4, 4847567, 39.0524
2, 158, 4847409, 38.6435
3, 7810, 4839599, 28.8623
4, 361838, 4477761, 6.37715
5, 2283760, 2194001, 1.43411
6, 1821028, 372973, 0.743168
7, 325905, 47068, 0.57632
8, 38014, 9054, 0.548704
9, 4575, 4479, 0.542208
10, 716, 3763, 0.53984
11, 132, 3631, 0.54048
12, 10, 3621, 0.541504
13, 2, 3619, 0.537856
0, 0, 4847571, 39.0558
1, 11, 4847560, 38.8176
2, 1310, 4846250, 32.7522
3, 136989, 4709261, 19.1646
4, 834844, 3874417, 4.70323
5, 2216084, 1658333, 1.25174
6, 1375304, 283029, 0.711328
7, 245126, 37903, 0.5744
8, 29929, 7974, 0.548544
9, 3710, 4264, 0.540608
10, 555, 3709, 0.541184
11, 85, 3624, 0.535552
12, 4, 3620, 0.537376
13, 1, 3619, 0.536864
0, 0, 4847571, 39.1133
1, 2, 4847569, 39.0268
2, 9, 4847560, 39.0579
3, 156, 4847404, 38.8611
4, 4107, 4843297, 32.1912
5, 206520, 4636777, 7.71213
6, 2043246, 2593531, 1.72739
7, 2106209, 487322, 0.804352
8, 425420, 61902, 0.598528
9, 50776, 11126, 0.548512
10, 6401, 4725, 0.5456
11, 888, 3837, 0.53488
12, 199, 3638, 0.542464
13, 16, 3622, 0.536768
14, 3, 3619, 0.537184
0, 0, 4847571, 39.0668
1, 1, 4847570, 39.0849
2, 9, 4847561, 39.0496
3, 78, 4847483, 37.6695
4, 22328, 4825155, 20.5251
5, 676781, 4148374, 5.19338
6, 2387288, 1761086, 1.32595
7, 1458296, 302790, 0.718688
8, 262885, 39905, 0.578304
9, 31451, 8454, 0.54896
10, 4112, 4342, 0.551232
11, 590, 3752, 0.540288
12, 116, 3636, 0.532192
13, 15, 3621, 0.539904
14, 2, 3619, 0.540384
0, 0, 4847571, 39.0912
1, 1, 4847570, 39.0127
2, 53, 4847517, 38.8126
3, 3711, 4843806, 34.4575
4, 187550, 4656256, 8.57754
5, 1939594, 2716662, 1.97866
6, 2164791, 551871, 0.8328
7, 480711, 71160, 0.60224
8, 58655, 12505, 0.55376
9, 7580, 4925, 0.545792
10, 1094, 3831, 0.540128
11, 176, 3655, 0.541216
12, 34, 3621, 0.535264
13, 2, 3619, 0.537824
0, 0, 4847571, 39.185
1, 1, 4847570, 39.0033
2, 13, 4847557, 38.9775
3, 601, 4846956, 37.9786
4, 29388, 4817568, 18.3089
5, 878903, 3938665, 3.56435
6, 2644006, 1294659, 1.09706
7, 1111583, 183076, 0.682464
8, 156604, 26472, 0.582208
9, 19749, 6723, 0.546112
10, 2625, 4098, 0.537184
11, 393, 3705, 0.539712
12, 81, 3624, 0.540608
13, 4, 3620, 0.5336
14, 1, 3619, 0.535264
0, 0, 4847571, 39.0731
1, 15, 4847556, 39.0255
2, 369, 4847187, 38.722
3, 9781, 4837406, 30.3527
4, 343152, 4494254, 6.25933
5, 2342482, 2151772, 1.44371
6, 1809484, 342288, 0.756768
7, 298225, 44063, 0.593056
8, 35111, 8952, 0.547488
9, 4507, 4445, 0.550048
10, 674, 3771, 0.541024
11, 144, 3627, 0.536672
12, 8, 3619, 0.539456
0, 0, 4847571, 39.0283
1, 1, 4847570, 39.0182
2, 98, 4847472, 38.9079
3, 3561, 4843911, 35.2539
4, 177120, 4666791, 10.2868
5, 1758915, 2907876, 2.04262
6, 2254884, 652992, 0.873088
7, 571030, 81962, 0.612672
8, 68367, 13595, 0.556064
9, 8519, 5076, 0.550528
10, 1206, 3870, 0.540256
11, 219, 3651, 0.537664
12, 30, 3621, 0.540928
13, 2, 3619, 0.534336
0, 0, 4847571, 39.0978
1, 3, 4847568, 38.4649
2, 3113, 4844455, 32.3508
3, 169681, 4674774, 18.5047
4, 836059, 3838715, 4.3391
5, 2275520, 1563195, 1.20016
6, 1308552, 254643, 0.710272
7, 220171, 34472, 0.588192
8, 26841, 7631, 0.554688
9, 3390, 4241, 0.53456
10, 511, 3730, 0.533312
11, 104, 3626, 0.542848
12, 6, 3620, 0.533216
13, 1, 3619, 0.533216
0, 0, 4847571, 39.0931
1, 1, 4847570, 39.0157
2, 11, 4847559, 38.9776
3, 463, 4847096, 37.8318
4, 31975, 4815121, 22.3249
5, 716085, 4099036, 4.52448
6, 2490364, 1608672, 1.21104
7, 1362655, 246017, 0.708928
8, 213086, 32931, 0.585792
9, 25341, 7590, 0.550208
10, 3314, 4276, 0.541792
11, 563, 3713, 0.54048
12, 86, 3627, 0.537824
13, 7, 3620, 0.538176
14, 1, 3619, 0.538208
0, 0, 4847571, 39.0886
1, 2, 4847569, 39.0223
2, 14, 4847555, 39.0237
3, 464, 4847091, 37.8708
4, 27629, 4819462, 19.594
5, 851616, 3967846, 3.44896
6, 2708822, 1259024, 1.0695
7, 1091738, 167286, 0.655264
8, 143612, 23674, 0.561376
9, 17385, 6289, 0.548672
10, 2238, 4051, 0.54112
11, 390, 3661, 0.535968
12, 40, 3621, 0.53904
13, 2, 3619, 0.537088
0, 0, 4847571, 39.1108
1, 49, 4847522, 38.9025
2, 3179, 4844343, 35.1511
3, 137686, 4706657, 11.9894
4, 1622295, 3084362, 2.1201
5, 2420105, 664257, 0.879936
6, 583829, 80428, 0.615808
7, 66685, 13743, 0.550816
8, 8680, 5063, 0.548992
9, 1180, 3883, 0.5392
10, 238, 3645, 0.537888
11, 25, 3620, 0.538688
12, 1, 3619, 0.536672
0, 0, 4847571, 39.0767
1, 42, 4847529, 38.712
2, 7093, 4840436, 29.239
3, 319629, 4520807, 7.87907
4, 2114486, 2406321, 1.65027
5, 1926769, 479552, 0.788512
6, 418518, 61034, 0.58704
7, 49966, 11068, 0.552128
8, 6359, 4709, 0.539552
9, 922, 3787, 0.535872
10, 152, 3635, 0.536768
11, 14, 3621, 0.53968
12, 2, 3619, 0.541856
0, 0, 4847571, 39.0461
1, 1, 4847570, 39.0334
2, 16, 4847554, 38.9839
3, 80, 4847474, 38.9951
4, 902, 4846572, 36.9044
5, 60569, 4786003, 14.2262
6, 1228416, 3557587, 2.59226
7, 2605634, 951953, 0.956192
8, 829758, 122195, 0.633088
9, 103806, 18389, 0.554624
10, 12729, 5660, 0.545184
11, 1731, 3929, 0.537696
12, 269, 3660, 0.536832
13, 38, 3622, 0.5328
14, 3, 3619, 0.535808
0, 0, 4847571, 39.046
1, 8, 4847563, 39.0107
2, 107, 4847456, 38.9995
3, 1191, 4846265, 37.9211
4, 32228, 4814037, 21.3483
5, 812301, 4001736, 3.53274
6, 2690824, 1310912, 1.08154
7, 1141781, 169131, 0.661504
8, 144975, 24156, 0.559072
9, 17810, 6346, 0.542176
10, 2298, 4048, 0.535168
11, 372, 3676, 0.538112
12, 54, 3622, 0.540992
13, 3, 3619, 0.536672
0, 0, 4847571, 39.081
1, 1, 4847570, 39.0607
2, 9, 4847561, 39.0302
3, 630, 4846931, 37.7455
4, 39636, 4807295, 17.0576
5, 977136, 3830159, 3.09725
6, 2657455, 1172704, 1.02426
7, 1014974, 157730, 0.651904
8, 135314, 22416, 0.555456
9, 16288, 6128, 0.541216
10, 2144, 3984, 0.534208
11, 318, 3666, 0.536768
12, 44, 3622, 0.5384
13, 3, 3619, 0.538304
0, 0, 4847571, 39.0495
1, 3, 4847568, 39.0643
2, 65, 4847503, 38.7688
3, 3599, 4843904, 30.0253
4, 203845, 4640059, 8.79846
5, 1889350, 2750709, 2.04957
6, 2134890, 615819, 0.853376
7, 535176, 80643, 0.617184
8, 67157, 13486, 0.54864
9, 8350, 5136, 0.543168
10, 1238, 3898, 0.535072
11, 244, 3654, 0.53232
12, 31, 3623, 0.53536
13, 4, 3619, 0.533056
0, 0, 4847571, 39.1472
1, 10, 4847561, 39.0291
2, 464, 4847097, 38.2514
3, 21216, 4825881, 21.366
4, 681708, 4144173, 4.25968
5, 2587248, 1556925, 1.18429
6, 1325879, 231046, 0.699328
7, 199213, 31833, 0.583904
8, 24404, 7429, 0.558848
9, 3221, 4208, 0.541632
10, 482, 3726, 0.54032
11, 102, 3624, 0.532352
12, 4, 3620, 0.534304
13, 1, 3619, 0.531552
0, 0, 4847571, 39.1059
1, 85, 4847486, 37.4478
2, 16267, 4831219, 29.5264
3, 339533, 4491686, 11.7182
4, 1374898, 3116788, 2.43418
5, 2250968, 865820, 0.91424
6, 750327, 115493, 0.632096
7, 98051, 17442, 0.558048
8, 11917, 5525, 0.550304
9, 1603, 3922, 0.542208
10, 275, 3647, 0.537504
11, 25, 3622, 0.535456
12, 3, 3619, 0.5368
0, 0, 4847571, 39.1112
1, 9, 4847562, 38.9956
2, 422, 4847140, 38.2132
3, 23278, 4823862, 25.4052
4, 563540, 4260322, 4.96944
5, 2442591, 1817731, 1.25507
6, 1534462, 283269, 0.721664
7, 247000, 36269, 0.575424
8, 28506, 7763, 0.554208
9, 3452, 4311, 0.540384
10, 576, 3735, 0.539808
11, 112, 3623, 0.54112
12, 4, 3619, 0.537664
0, 0, 4847571, 39.1439
1, 1, 4847570, 38.9847
2, 53, 4847517, 37.2029
3, 19487, 4828030, 29.901
4, 314273, 4513757, 12.9644
5, 1205794, 3307963, 2.75389
6, 2294608, 1013355, 0.963104
7, 873196, 140159, 0.64256
8, 119519, 20640, 0.560864
9, 14689, 5951, 0.546624
10, 1966, 3985, 0.543872
11, 305, 3680, 0.536544
12, 58, 3622, 0.5368
13, 3, 3619, 0.538368
0, 0, 4847571, 39.0774
1, 2, 4847569, 39.0737
2, 22, 4847547, 39.0043
3, 1340, 4846207, 33.2609
4, 121391, 4724816, 11.1466
5, 1603728, 3121088, 2.40909
6, 2323635, 797453, 0.900096
7, 691409, 106044, 0.617184
8, 89494, 16550, 0.556512
9, 11111, 5439, 0.543904
10, 1528, 3911, 0.539232
11, 259, 3652, 0.538592
12, 29, 3623, 0.538144
13, 4, 3619, 0.53344
0, 0, 4847571, 39.0467
1, 12, 4847559, 39.0377
2, 292, 4847267, 38.6899
3, 9631, 4837636, 28.176
4, 391474, 4446162, 5.71203
5, 2425477, 2020685, 1.38336
6, 1707990, 312695, 0.74224
7, 271778, 40917, 0.588288
8, 32218, 8699, 0.54544
9, 4351, 4348, 0.54064
10, 578, 3770, 0.539296
11, 143, 3627, 0.536288
12, 7, 3620, 0.53648
13, 1, 3619, 0.534432
0, 0, 4847571, 39.0996
1, 5, 4847566, 39.0814
2, 116, 4847450, 38.8995
3, 4364, 4843086, 30.2758
4, 268193, 4574893, 7.56682
5, 2125863, 2449030, 1.64474
6, 1973486, 475544, 0.780416
7, 414698, 60846, 0.584096
8, 49842, 11004, 0.549472
9, 6317, 4687, 0.535552
10, 884, 3803, 0.533344
11, 168, 3635, 0.531968
12, 15, 3620, 0.53584
13, 1, 3619, 0.53184
0, 0, 4847571, 39.0929
1, 1, 4847570, 39.0244
2, 276, 4847294, 37.486
3, 27961, 4819333, 19.0682
4, 810893, 4008440, 4.4777
5, 2448714, 1559726, 1.21642
6, 1310083, 249643, 0.692768
7, 215886, 33757, 0.572512
8, 26260, 7497, 0.551872
9, 3284, 4213, 0.541056
10, 492, 3721, 0.538112
11, 93, 3628, 0.536992
12, 9, 3619, 0.5368
0, 0, 4847571, 39.0764
1, 2, 4847569, 39.0276
2, 335, 4847234, 36.7105
3, 61484, 4785750, 14.686
4, 1199119, 3586631, 3.02733
5, 2511475, 1075156, 0.999776
6, 924829, 150327, 0.647392
7, 128498, 21829, 0.563488
8, 15729, 6100, 0.5632
9, 2055, 4045, 0.540896
10, 377, 3668, 0.539296
11, 45, 3623, 0.536352
12, 3, 3620, 0.533216
13, 1, 3619, 0.534176
